081123051062044133061052124132134043113114092024101121131082111033023054012011072104094091084041074112102064071013053122014063083034093103042031021022032073
034081032013112102114053093064014092134041073042132101044012122094123124021051011121072133091033131084031023111104043063022061052083024103071054082062074113
073031103072061033114112131082122123111042063062071052012134094034102044051124041043064121013092091081053084021074133104032132014011093083023054024101113022
131134053113071111103081063102133032101031092083084093023123043104094034124082054052064061022074012033122041051044132112121091062024013073021042072114011014
012024052092124104113014074043133132021044091101073081051062093083072041064022121054071084053063032023013134114042131094122103123112061082011111034031033102
034052084031101064043032061023022082081044122014051053063011111074123112033083104012071102062103124021091073114121041054072024131132092134093133113042094013
073101122121104084132031082113051131112072091092114053094024102123023032134052044021064081124133061041022103014062012043063074011071042083111093034013054033
051124063043083111072032082044034071054081131121074084014013114101023022132134041062031033093091053011112113094092052073104102021133064103122061123012042024
034063101133113051022121031082084071091114104131061052124024042044054103012111023033092043112053122073081083093032041064132074123062094102013014072134011021
122081024012104033061071111034062051084011064032014072054103042092052132101022094082123074124131073063053083041133112134043023114102091093013021121113031044
113021024073053061084093031064131043123063092032011111122121054114102044133034134071042101052112124081082033022023062072012014091083104074132094041013103051
061093042114101113094032051083044043064131033072053112071111063082022073062014054084123122134041021081074052011133012103121124091102092013034023104024132031
064011094104123082052053101134114042093091081062063071111013131034032073023083044132133033024021043072121092113102122103014041112054022074031061084012124051
132122041121112103073134061083081091051011012133104044114074093031064131062042023052022094084092071021111101072113033014082043013054102053034024032123124063
104032082103042134051124043021014072054052074013061053071121063084034031132091081114083123022012101111122024033092131112073023064011102044041094062113133093
104123031101124131093043012041014053113094112134133052122024033063074073083071121021034111023061103064042092082054114102032044072062084051132011091081013022
031082043041064073122132112103072131061024114051071053083033133104101091052111134063094113012022062014124021092121023054032074084081123034011102044093042013
052092083072082094084121101134061111091041081093122133071021051073044132131074064124012014112011031034024063043123104042113033032062022054114103102013023053
032124073111061134083113114091052092084051131101122123064132093041033063133082011021044053042112013094121024104081102071034031023054074012103022062072014043
124131101092074033082024121133093014072083051104043114102081032094023012061054011021063111113034064071031022123091044053013042103132041084052112134122073062
103121051041024043011042091093083102123052073014114064101033131032092034063082122053134023031113012133062021111094074054061071044084104022132081013124112072
012122123072043071063102011024022074042052094013051062131041093112021073114081084133091134104032103113053092044034054014082121111101064033083132124023061031
031041051114052071042124061082012121094062033101092134074111054073113053081083011032133021044022034132093123122103084091104131013102064072024112023063043014
012124032103031084072071022082122043081062104132133091083013053114064033101113093061112041063034044052011134111024074102042054121073023092131094014123021051
052061072014134064063091033121074092042103043054111082094021104114022131133084011093081034051132044113073031112041123053024102062013071122101083012032124023
121123042104132041092053103024034052112013084031032082101074044073093051133083061071122064012022021111094062113072131043014102134063091033081054011114124023
032124033112021081044122114103134101072084041012071094034133063092031011102121061043024064073022054051074082062013131083111014123093053104042091113052132023
103094031084124112092053073033104051133032123121024011062072052042131054034081064113093041083012122043022101114014044132013063061134021102074071091111082023
064054042093112033032083133111122073031134092081082071102034053121012043013094011021044113052061041084091024124014104051123023022132101074062072131103063114
114023022113041111051032132053083062071054092074031094061013082072021073101034121012104042044084124024011103081122033063123091093014043064102131133052134112
111084092081131083122032101082112132134114041062124123022063093104094061031052011021053102043054091014072074023033133113013051044071064121034103042024073012
101112084124114091134104061082131033132071043103054122113041111123022044072051063021133011083014121052094102042013053074024032092031064034073012062081093023
061031052113112054082083041131021133044043032013101111064072022081084103033121034071011123042093132074104114134092051073024102014062122063094012124091053023
114034061081072084083042103052104082062051031064071111033074041121054123022102101133092134043021131012053013063122124091023044113032024094014112093073132011
042092124104131012134024052073033111023044114053094112132013113102041061072122011021043063082014083123121133103091074081054064034093101022032062031051084071
063122022133121041051124032132113114094071103082104012043042052081013102111061064062123083074033023112091073084101072024093092044011134131014031021053034054
112051111134041132122061014082013121113042114094044103101064021131104073052083034043063054072031084081011024124123032102074022012071023133092033053093091062
101084093072054123043121052053042114033023092074063071102022131112103081012104034021051073032024082122062134041113091044083111132124064031061094011014013133
042073022082053132063072103094114134041032081112131012033051074123083054011091024124062044104061034133052121071092023043014084093122031064013102021111113101
014071064072133063124042103054122062013021132111043113101083074061052134044022123084104121081011024034082112102073131051093033053023012041092091031032094114
064074124114121094083101113041122071132032012043091061024131042133023031082062081112051022021093013104073103044123092052111034102014033053072054063084134011
131104011044111051012033052101082084061024063043093014102072134113094071034073042021133092123114041081031124013054074053022121083103064112122062091023132032
063064031104042033124094111112093132084052123034051134022121073081023133113072011021131014102032041024091103044054092062053061122043013101114012082074083071
072101102033124012133032011084104044113111031114014082051112063132093034074054091092062023083061042131122022052071094073024053134043064041013103081021121123
134072111021132121054113094112071041034102052031133081062053014103131044023104084033073043123083093051042114063013091101082024061092012122032074011124064022
063031084094134131043123073072122103092021051053121091024013104132023082093041124062133034074113044102022052033042081061101071111014112083012032054114011064
081131104082112061132014063074102031092101084052113032024064094044071121041103124021043033083062093072111073122034011134114022042012091023051123133053013054
052092082122031051091114121063062134074084011083111043061042054103132094101064081104093102123053041022124012032073034112072021133023044024131071013113014033
101104102132134023094043024071091113124082133114063112123122061103033073064083042084041022072052111131012062081014013093121011034031092074051054044032021053
062041121112061033071091053011111043114104014064082073024134133083074032102012093034051101103044063023072122052124131132123054042013113021022031084081094092
103104112063052034123102121024022072091062074084064014042043023041094054133082011083122013032061071081033053092113131021044093031134114073051124111012101132
131132063111104101072041133074071044034091021042053081013094022061023073092134064114024102084121123093054082112052113014083062011043033122051032031103124012
081042091094124064052083104051011073082021074114101044102054023043041062014024103063031122092132093033084123032121053013012071111131061134133072112034022113
021134041072063121093032013094031052054114014012053112084073062033044122133074034131111011101061091081024104132064092022071023043103051113102082083123124042
121082111114044123131071043022062064081101124033091134042132073053024072052083032023113092054102063011133014112013104021122034041103061012051074093094031084
081031094044092102111062083084134101131063133104074112061123032034073053124064082033012052132103022121041091014122054071021114093072113051011042024043013023
062084013022101104123132121014081111093012023103041064091053072092071134131024074133031124051061094112032063033083054122113034044082102021052011043114042073
051114132124042123112091081131033104064084053113122121092041044023061024021083031032011071134133054103072073111101082052022074063094093062043013012014102034
094022122103061052072031053082044013081054112132131064121024051083023074092032071111073101093113033104043114021014123062102034133063134012011124042091084041
013064121023054062093104061102051082103122124092074113084024083041114112131052012044034101073063071091053123132042031072133111043011014081094021032022033134
031093021011034103104032133094013123112111043132134092024122062084044053052082033124071051042022023054041101113073064014081114012091083102063072074131121061
072121022134083051031061044102123112043094111101132073064013074091122092023041093082131042133062124053081084103071021024014052034054011033032104012113114063
093113091134132104082063073103133071013052074112114124053033092102023054094042062101032081122064121123034061014083072131021043024012041111022084051011044031
092013104014034064021091131023024084011121051032054113101042082053072031083124102062114043074112033063012071061044022073093122094123103133052132081041134111
031023042091051124102071083081092061044111112072052041014021131034022073121094113103134084053024062132064074013123114122101104082063011043032054012033133093
041072063131044074121043094092062042052034032064051071013091054134123102133093023033124031112061073122101113082021083014022104132053111012084103114011024081
063101093091041133124044072121023132064082081013094123083034031054122062073012032021114111043051084131014052042104103061074092053102033011071024022113112134
062074031081132044061023042101063124103051121104073033102134072112122131032021064054111034014113053123052082093013011094083092012043084133041091114022024071
012124084072133033074113123031081134111061062094093073052103053131063041091024034104032051083044114132054064023102022021082121011043112071092122013042014101
063082023073101133051034074022061013084062134111031041132104011042113024064093014021094053112122071114092083102012033043072103081054131123044121032091124052
113033074102071111061133052131134054123101112062053114014132124063023032031092103073064093051034081121024042072041122104083012013044021094084022011043091082
102044134101073131123103072053132112114061133122064093082121081104083124033054094021032023011043071091113031051042012063062022111084052024034014041074013092
111131094043063112051032101123121034022024092084044072064104114042061091122073033023031052014074083081093102134132062013082053012041021011103113133124071054
054104081044134033061083072051052011113101114111043084071094131031042073021024053103041032082014012133124132013074064092091122121112123063023102062022093034
042064133033013072093113012034014121103062092131101061024112051081023021041032134063031011123074071124114043102084083122094082044111052132054053104091073022
094052024112124093072123091074081064102103084114132014023053113101071043051131092021133083031012073062054063121134104011032034044082042013111033022041122061
012064081073082024071114134033014094034051112113032061074091084044023022054031072021093102124111041052013101132063122083104123133011121043092042062053131103
024132042094133102104021052101121114112134103061053092131081071123031041124091093083063023011032013074111022113122051082033084012014064062073072034043054044
072074094042051032081063064023131054133021121011041113043013034123112092103024062022083073084104091093052082111132134012102044031061071033053101014114124122
042123132113092131054071072104053134022062031034081014073021133013032061124121111102011041103063024114052023112084043033101094064012093122091074044083082051
021034092041074043091081084073051033053042122123083032044031094063023024101014134071112113093114064012104124054102013131082052111062132121061072022103133011
024044081032021121023102052092132051064101054053022104062031131084014073082011083114124061012041133094093103113072042074112122134111043033013071034091123063
044083104053112101061024054094084072093091041064133121052081102123021031013134124071122014114023051131012062063082034073113011043032042111132103033022092074
073083072124101081113134093094041133121062024091112092104032031123034074021054131082103122084061114033014053102111052022044042013051071012063132011043023064
094131053064092124051034121014122084101062111044112031083013061093103041011023052123104042012133102082132043063091024021114071081022113072032074134073033054
031033133011094012063014104081062124032021092121111113064071073041024022122034053093042123051103061083091052084074044112132054131134102023114072082101043013
063132013084073083023061062121131064103074043051052071093054104092034114133053011021113033041112091022031124111122012032042123044082024072081134101014094102
024124073102114133074121051111123054104033023132044062131092094082022134042103101021031041093061071083011072081014084043012034113112032013122091053063064052
124022042093081104082134063044014062084094122121101092064133132072073074054103011051031032131053024071102052111034021023033091061114041013043083113123112012
054102131072124022013032042031122062113012134104053023111094063021123064071033041082052114092073083034014024101091011084112061044132051093074043081133103121
031061022123134131073132064052111094122044083041103081071032102021023054133014011124074112043114113033034053063012121062104024101082051072093092091042013084
041071131023113134123092091054082111103033021031101061083104034094064122053014084022063062044013073081024011043052012132074102133121032112124072051093042114
111032113134104071122123011054042053062031092083124094072034133013064114044132012014093021091121061081102112043023103052084063022101033074051041073024082131
071052133042091092081082043111083104033084063053073012074124022114093122094123031021032134051023102101013061062121103064024014044072131041113011034132054112
021032071121062072064073034083051081042102122111091011022013104131033043113052041084031074134061054133012053132112023024014092044082103123114094124063093101
132123061131134121122053111083074101133042073103014113052024012114124031102104072112021032043063044034082033093081023051013054091022084041071064011094062092
013124113102064052072104111074122134031021082073041114054024062084092094032071033051042022023123053093091101043081131044133034112011083121132061014063012103
043062044114104094112053011031041074014024131054042013072033073012071064132061113051082083111023103081091121122093123101084034052021022032133092102063124134
044131133104031052094063041123073071082062092083122074021013091011034114081012111053054024102112132084023064051121022113033134124032042103061101043072014093
023102114122104053092124012064074024062072121073082081044091094123084132133111071051112103021054093022083033041042031061043011113063134034052101013014131032
041084022101124031072134052011044092123013024021112103053104063012032042131081093113114061051111023132043062054074034082033073121091122014083094102064133071
082064092094083074013113073111114014103104042022053033124063122024044132081052071061031051123032012041084054043112011093131034023134062102101072091021133121
072131034113023051054092041011133043052101013012053114022084014024132063032061122123104083044082071124091102134042094112062073064081121093074033031103021111
042083134114112101121082062122061074054052023092053091093032043123044081041071021094103102131104024011132034084013063133072033113022051064031073111012124014
032073094083022124054011074072092102121071044091053082034043093132081033133134113021104023063084131122123062061024041014103012051064114101013052111042031112
131082113064043083041122053133063104052051124061031091134034022121093114033021054042073103072132071081123101023074092011024012111084102112014094062032044013
063011013102024104073022123111044032082132094064081113053071023092074072084093062131034112133101042114134091012121031041054014122033052103051061021043124083
064032131044042021051091121082061052013063083101054053024011093124071012094084034074112113072023123062073103102133033122081041114134043014022031104092111132
041101073092114034051014033113081122054082091072103134042053062124061133044083093052131071094022023074012063011043111021123031104013084024064132102112032121
052042033121024053093032114054072043023122084131031034082041014083094104101133132103111102091051064013134092081022062011061113044112071074063073021012124123
072124133081114093023111134033123022103073131052062014132013011031053024051102032063084094034043101121071012074041082064122091112061021113054104042083044092
053083124063084052091073093014111133104042051132102043071101041092103022072044121021031011134074023081082013054061034032113094131114122062033012123024064112
111114034054132012093033084072092024103094044112032113102122061123104073011051133021074043022063062101071064081124131052134013023031083042121041082091014053
131023013052122084114032094054104124031062033134044064113093034112092111133041011021102024132043071121053101012014061022051081082073063072083074042091123103
121063043061081033071102032022093134072023131052124101103042092031122104074084133021113082062111034041051114091044083112053014012013064073094011123132054024
092022104053014111033081134102032071094101063011082091013042103121062083043064124021051041031113133114052072023012123084061034054044132073122131074112093024
063014052093061074133062033072121092113053064031034132102071082073091012084013134112032101124023043051054094123024103131081011114042111083044022122021041104
113062031063134103114093033041024043092081054133132091112023101021051052034124013084111032061131104014044073094011022053042064071072121082123083122102012074
072104093101134083111082043073014042103062131023112133064091063123061122021041022012121092044053024084094013031132051034052033054074102032081071114011124113
093062041123132133124061052092121072111112102021033131103101063082064104043083053042012081013073032091054122084011024014044023114022113031034074071051134094
053071073124061102133134103052072084104041111094132113131042022082023024044031051083062043034011013101091114092074033014064021063054093012112123032081122121
023041073014101092081032052093064112021102024061062053071051072133022104124111044122034043013132123042031121083113033131091063012084011094054082134103114074
113022032044131042064052132014053073083033122121034123024011071104114051021023093133072112084061013091081134111074103082102094092054101063041031124043062012
122094101133054103073013043134062064131042092132123124104072012041084014034044024091071074063052023022121021082114093113033102061112011111031083053051081032
063022111124074102093032042104112062041053121012092031014023054123052024134101011021064082114034081131071113072133091122013132044073094033043084103051061083
093062032124121094104063052133102043101022092134073082042074034083091053031054011021012132122112123014084114061051131013041072081113064111024103071033044023
041081094084121132103063043072091133083054092104053093023013062042124131102074111071011034123122031134032022073044113082024061112101052012021014114064033051
012052122131104074022032041051112084133062092093082053033083103073102014114011044042111034134113094081072123071064043061024023132021121101124054013031063091
061052064072133131104083073051121063113101043074084114044132082041022081031124011021014123102112053024013054092023032134111091071103012042122094034062033093
061091114062041074034013042134132082123104051131064083054024093071101081063092133021031014094043124084011023111033052012102112113122032121103073053044072022
101133042064071081114124062011102123093054082031063032013072083094043073044134091132122092012111021084052131113121041024061074023103104034051022112014053033
012103072084033043081123083034064102104024053132032093071113092042122074124111022061041031051021011062044052063073121013133014131023054114091094082101112134
022082124081024053093023134021131041121062054091112032044061064123043063011092133113074132111083042084103051101072122031073102114014012033013052071094034104
112102074133101082113042114134051122043123093032041023022132062131071084091094044061031124024083104054092064011053073081072021063033111012052034103014121013
023102124051093081061034042044033053063111052073114041083084032031101022064134131021132043062112014103133104013123011091024074082054122072094071092113121012
114023011022042032134041104111122064103074073024044133131034101021031033113013093083124091053051081061102112012082084121063092014054072062132123052043094071
021081082034111024041014121022134053113084031131061123133132063103114122012112052102091044072092023033071094124013054101011051093032064074073062043042083104
044013082083112094052091014011054111034062084064074102061041092032051012063093053021031133043072073104101113071121122123132023033042081103114024022131124134
133022111091051131124112123122023104043074103061071114121033102084011081073052062094014041012132134032031101013063083072034024044054042093064092082113053021
123101133104132043113114054081074082124064023073131083053072084071021062051121122134034033094022091014041011031111063044024092112052061102093012042103032013
043084061072073103094023081082104064112024092053132093011054063083014111133123091052031121074124102114113122101032041131013022051034134044062033021042012071
012053093124072103132052134062091043131133022054122094042024063074034123013083041021031011051113082084061014073102112101033064104032023071114092081121111044
051064124082133101123081113042121132084071022094122093054111114102074103072112041061104032023031021024014053034011083052091043062013092044012073063134131033
024083133113101071081033054132094063123022104103092082102121112064023073032062014111061044034011074122134041072093131031012053114021051042084052124043013091
091081132071121103074054043082093111051131034064062113012124101122094112134092053041031123083021032042102033023022052024133114063044072104084061014073013011
044111062051081123071032103132134034072013114061093063014084022092041082101054064053012011052021031074083122023043113042033102133091124104112094073121131024
072074132062044124093113023081013111133043084122094102103112051034053073131054092042021071134024061101121063052011123031064014022041083012033082032114091104
073051074072063012083034092054112084103044021122013043031042052104011053133124123114094041101064023081091071111121082014032131102033061134024093113132022062
031103082021112043093134123034122033014133024131053072044013114113051111041062011042101022073084054064091052092121132102081063032104071094061012083023074124
133072074114081034122053071123093102094052043084131064061013134124111092132091103073042083022011031062104021054113012024033023044082051121063014032112041101
123134092072094051062093063052064043071091114132102081024013082012131121133124011021061041033031022073083113042103112054044023034101122074032111053014084104
113102121112034084024111052114103134061063132032051062091042094092131073133083072021031123093033124022014101013043023041011074082064122054012104053081071044
134072013113071064084132123054053091082131044063041043121124102031034101133052012122111061051011093081112104083022021014042074092024062023103032073033094114
051031042102131091113033054132014061103111052064071124034133032053062073021074094114084041123083044081023112122121093134024013092072022012043011101063082104
081052022011032133054042112053093062064084043044033024013103094014092073113041114091072131012051082061134123071111122101102023132063083074104124121034021031
053081011064131121124082052012101113022062054013033021051032123111041034073023133103031093084134044132104092114094074014112102071083061063091072122024042043
074011122063033112114014052073042043072022082024102134051064032103054092091124131083111041104023093053084113062123012133061013034132031071081101094121021044
034133013063011014054021041061071051102042092132084134012074093031023082062113131101123122081103072112091033114044064053024043121094073032022104083124111052
073024123011104054071023094101063072083124121081042113102131051064084103074014114021082111034061122053092052041133112022033132043091031013062032093012134044
123113132012124091072041122023063133034103073052082054093043084053031092074044024121071083081032062051021112134014131022064102114111013101061104094042033011
013092084052064082021074114071103061113063062053111012054041044134043014121091132011031133051023034122083024101022033093123081042072094102112104073124032131
031023103092101104072082073091034113044022043132123112102083121054024063061062021041111064081011093053032033094133084122071051074124042014012052013134131114
104082092061044062071081084032011114091073051132034083053024013014023072102131043031021041133123012094093042124064113122033134063022074103121052101054111112
051132094131053072064123101113104084082122054134092114081071124112021022133083073091042111103062013023031034014102043024012074032061052093033121063041044011
053013011012093052084123073082071041092133043063104032033022091101114094061074081121132044051072021023111124122064014112103054083134062102113034131042031024
082073111093071053081083052061064084124031042103113021102013043133112132092041134044123023012024032054051014011094063022131114122062034091101074121072104033
084033073072122052124032092051054022034093064044023014042123081114103041104071031021011024132112063094074134133113091053062111061121012131082102101013043083
132113012023093111094114121044072061112104123101083071043081122092021024133022134042032084034074073064053031091041014063054082011103051131052062102033124013
122123042033014121024092081134132041043021074072053131114093102111023073133071091034084103051063094061012022013082101054083064062052112032124031104044113011
094081074034043091062073083132053111061103064014072102023013093134052114133031104124051101071122012032113063112054042022082131021041011033092024044123084121
041122053044022011062021061071012043104093072051114031084123063134052081111073014034113133103132064082042102124101033013024112131023032074083121091094092054
123133081084054102094074124033034114083103071093121131053122042104023022073072101052062021063091032112061012051031024013113134064041043092132082111044011014
032042024051073111064052041072044083071013054131043103102021092114121061132034053074104023063082022014081093062124123134133122084031091094112012033101011113
081121114072104133082021024012111093092131044064084094054134013132031023101061074071112032022052083062051123113122124034102014103011042063043053033073041091
061041082064013091122073072044111083011074071131092113043024094133012114023102033054031021034062053112052014132121124042063093134022032104084123103051101081
103044071022092042132082081084124051073063104061101102133064024134072052043012013031123054083053034023122011091074062094021041093131114121113033014111032112
073024113052074121123064124051091044102132082134101112062081094093031022043122021063072034131103012071042032061114011013033023053133041083014084104054092111
134014053092131124122084062104112114133023041132063093043121051101113102072033071061074024054021123013032012022091103081064073042083111031094052044011082034
024062134083044021033072124022084042014051034023094064011013063061132102121114032082041031133122012052091092104123053073093071081111043074113103054101131112
084091083104102134013132032062113124094082034053103101043092063071093073054081033012061031051011052064111114041022014131123074112122023121024021072133042044
072082083111132123091044074024133134081073031114021102043042051062101032063064113012061041093011112084054023034121052094053104092071013131122033103022124014
121103101022124021104023114082112032093054033132053134034123111043083052011063044113031041051042091081014133073071062131024094084072064012061013122102092074
073074072033081011064044034082124083043101091102123113051023042053031061111112041093121094122092131021013134062133071024022132114104052014084103063032012054
023051062082123044024102132113134034111101072053103131124074071041032081114092093121014091052061031021133064063073043104011084022042094083122013112012054033
124034073033022114042012071072053094082074081093044051054132063083092121103133131041134021113064032102023061052024014011013091111031112122062043123084104101
054072041133093124081134012044132074052024014102111082011101031091023051073083043092084034013104071103113042122021131112121032114063064062022033061123053094
132063114071133074064061131082122121112062041011073101102042123092023094052044134103051072021014012124081113104033091034032013031111093024083043022053054084
074034061071124054111114113042052041051021103053013031131121012122123032063112133093134043064062072044104083022024014101091081094011092132023082033084073102
024023013123104112113053031034032134093084092061122083074022124072082081062101071021133121073131114033091052094011103012132044051041102054064111063043042014
064131113123103101083072084071122081102012134043092094073112124121082104041042011021114133061074093091052032034062044111033013024132051023022031063014053054
053063104124091012132032073051122034033043092133061071054023123044131042113021011103031022134084102101041081112121114062052024072111064083094014082013074093
041093073054102123062032051021121071134044101013104131124091082094092063103064132133024053043061034111022072011114052083023112033012081074042014122113031084
094113064054122131103022111121081043132031091134034092014024052123084124021041011133073044102013033104061063082072032042071053062023012074114051093083112101
032131124093114073052023081034061091041033082092084062094132031103102121134014051133113044111053042123071021063012043122011013072054064024112083022074104101
073113124091054023104033052014123071121093131132024112102134083092044041074084011012032114031042062072133101103034051081043021082122064053063094022013061111
054124042122074114131052103044011043034083031051064063102094024053032033133062123021113041134072091013092082111121012104061014084081112071101073132022023093
101134091104032021052094093082012043051062084024113072131122054123044073133083061063014124092011114081031071111132112022103034053023102033074042064121041013
031122072063064071023094022082021124032062052054043034084113111104081033132134091051133123042102053131101074013041024114073014061083112092044103012093011121
041111122074092134114133124093102094132043112053061054071131033123113051044021013082104024081031032011014103072121101083034022012073064091023084052063042062
112061104064044092134051121062052132133081022043123083122013032011023073101084053072113033041082071102103024091093131111063074034014012042021094054124031114
062023022044091103084053133052054123104051094024124093032031071064061072111014074063134073112011083013021092082034131043132042122102033121012081041114113101
033042061021092083101032132024113071102031034073112104012013063094041111084043093072131023051052121134091123014103122124082064011054022062133053081074114044
013091021024112123113052072064102122063124044031061083043034042023111082092033011134073032094053071022074101104084054014131012103121062114093133041132051081
052134131132104123093062043054112063082014092102022064083094032033053103133122031021111101042051121073081023124113024114074044071013034091072061011084041012
104024134074121132014092101133043052044023111032063051054131073091072124061053011021031041113042083122064103094082012033084123093102114034081062071013022112
122134033132074102051054093124131024114031053071063103022034081052023041133092032021084062043101083014113073072091011042104013044112123094121064082061012111
014054044114103124051024101012042111113063021071052133081062083094032073092033091093031061134082104084011074043041072123132053034121022064122102023112131013
114101132104111123043012021112051134061131053121074083032022102092062081133042024093124094084072013103054023063031113122091041033064014011044082034071052073
134071104112044073133051103093124043063061072081064114113094132034091024092131052054011102021062031083023013053033032084041082022012042122111123014101121074
123134073061024012042114041044014023054094132112053131081121122101111084104071113021133032013082072092103011043062033022091034051063124093052031074102083064
012024081091083114121054064071111063043032072134074053034124112051084033082093062031021013132073044061094104131042092023103102014011041133052113122022123101
012072054064102123114124093081024122111083121071103104022034091052021073063062132082031094033084092014112011134101053061051013133043113074042131044041023032
012062052011072121104032123013061043093071054031033084102101014081063022074134092021133041051103113122091053094112131132111124023024073034114064042044083082
063022073031074121082062021071122083094044011024053093064101034081023092103042114061124102091033054051104043032112133131123041111113014132084013052012072134
134043033081124071092103082011132061104021112102023054074111084113044091031072051073083041022053133013062101024121012014131042094063052122114064123093034032
063071122134131102082111104091132114123093101121054043042034064041031084074083044011073113051023021124033032052014061053024012022133103112081094072013092062
103022042081063043104011053044084093061091092132072073052094064133123062014114124041031024134012113033034083102021023112111122013101054082074121051071131032
012122014084081124052071114072073113101033074092054064034093082094053134102083032131024041051011123061062133111044031091023043063021013112132104121042103022
131081093102083062094091122054052071133041092132101121021074061134023043044063103082013022034104123014064072111053051033032024112011124031073012042084114113
134124052081063092064031051082122131132073054101042113044032033041103112133072014114074094083084012034043093121091062053021104123071102023022011111024061013
013044043113132102091034131104123062082063092073074121112033071054122024114094101021064041084124103052032031111133083022012053023134042061014011051072081093
094101062114093132074043063052122124014131033134112072113012064092084044011031022034133073123091042121104021081013051032102083082023041061024103111071053054
101052132032073033074053063113083042084123134103034051131014044102043072122071104021092081094114133082054112013024022012111064062124121061091093041011023031
062051092021112033044101094013122012053074024054124084093041014032031111071083121043114082102132011052091034113073061022023104042131072064133063134123103081
131014133092012132053044104022094101084072121071023124073042114041051083113054093082074031011064081091134111032043052123024102062122033103021112061034013063
083052102042094033111131031103014122064011133021051101134114112123132091034104041082093054074071061022073092053024081023043124044032072084012121113063013062
132083074053052043093044084033121054042114092062104041103034063061032051133081011123101073024111023124113064072134082102122112014031013021071012022094091131
102063084031112051092062053081074132124032083042111104043134131123121073133022033044082071072061113021054041093034014122024103023091064114094011012101052013
054053034044094081113023074112062111051132014122033133131134032064084061042063071012114093082052102072124104024011041031101013092043021083103073091121022123
012112123023114082071021113041122094053062131013103052063121031014044054024072034073133083102124093104101084134074061091033043132032064042081092051011022111
024033124092062052113021093074082101051131031114084064023134012072044063071041103094091083122111081042043032073133104102013022011053061121034014132054112123
093121082094062054021043072071034031061033053044091022074013073134023014092131042123103124111051041081011101113104064063024132122112102114052084133083032012
042021073011133034032064053044101072014022024121124092131111063113102084012051043041074114094023071081093123031103082052083033112054132134104061013062091122
044064111074132121102054113033124082133073051084062104114071112092093032094013014072012091131061031034101023042103043021063041053122083081022024123011052134
122132042023032131093084111052071082013054063124061031083033101104064021123103094051114121022011133134043074072091113053112073092062012102081044014024041034
061072062022132101112133052093124024094044092014102081121134063071023111033103011104031064034123043082091032073053131122113114042054021083084051012074041013
084032062012131051122023101114013091123053092014124104041093052044022102021072011082071074043112042024083134094121081061111063064054034132103031033133113073
063022094041124101083091092112111103121062072113052012102133014061034073032104071024132031093043054082021023051081053074122044084134131042064011033123114013
111092061114103122134101081024034012032071013082104113074043123131041094133132011044023064083084014072124042062054112063033053031073021091121093102022051052
082092013012061071093073023074114054103031084112053102122043024121113041111022131064011133034083134062101014124123021042051072081094091063104044033132032052
082061051021084123062031103043072114042033104014064131102034044093132052032054133134112024053083121081073022111012071023113074091041122013092094011101124063
124012122032053103043061071081094101022033092021031041114084063111074121044062112104042083072054052123113023064133024134014091102034131051013132073082093011
023104084101111074103082094081034133083053031072121122102061042113092064114132024021032073124054051012123071134011131033022052013062044112041063091014043093
082044091062104042054024021063083034093023051084124043053013064123114111011101033052122041022032113134092014072132012074133102112081094121031071073061103131
073061111074083123134112081013024014072104094133043091034032012103053044131041063132031021114011092022084062064033122121101051052054082042102023071124113093
024022083011081124093103122043074044082062121042131104064071014053023094072132013021063102061051041054084112091114033012113032092101111034052133134031123073
071034122113074104041023123061081092051031131011134054033114121133013073082111124021032091094052012102024101014062042053093083112132022044063043084072103064
011102054134062101074051133081084122131104024092064044093032063071094103023132052022033041013014061114123113111031034083082124121021091053072112012043073042
113011112134101043121032091131122014053044033052061114023034123064074063084081111132024062071093012092054042051104124082133031103021072073083022102094041013
062014073021042033092041103034061022101083132084113112102104091013082044024093114072031134133081071032064131124052023053043063123121051094012054074011122111
104063011092013062113134102064122054091033022132024084023112041123072133021032053031073121051061034042131124111071081094103114082043044074101083012093052014
094041013022063034084033102062092043011131093121051113071104112133061073114031111032082044064023134042091122053132014072024052081054103074124083021101012123
132074134072122091061053012082112062101094111052131114063031102011124064084133033021042081032093041022014071023013123051073092024054044103121043104083034113
052051134101103114093071104091081122111084092132054024102013073021124082074083023033133041112031064123062061094121063011053034072014044042032113012022131043
112064113133134114123081102121084063104124083074092054061012131111022103051093011132041023042101071091082122013072014021052034043094044031024062073053033032
084133132121071104083123082094093063103122091112064024043081032074023101102022124021134012041031054034061114051073014131042062044053072033052113011013092111
071122043052044064093134033054074084072013103014094011082124101133061073083051113041112031104121024114022021102053092012132034131111032062091063042123023081
134054133111042084092014022053011101082061044071073113123013083124033122074081093021031041051032132112023091043121114052094012072062063034024102103131104064
133052083104073041071011131082124031074062114021042054034134063094023112093132102053033103091113012122123101121111051064044014092013032022024081072043061084
052081044101112124031021041082071131122074042083013051094053063114014043084102113121132024011061133123091032134022092064072033103054034023111062093104012073
091022033013044052081094083064082014031043112122104113012084101133074102021032011111054092121124062034073041071061114024123131072053063051132042103023093134
134022102044132074042021062073051031121064053113011111124032094084091093013101061014112133072052114063123103071083122082024034023054012033092131104081041043
111034061064131083084082063021133093072124053033092073121132071123114094022054013113102041103062032012134043081122051014024023044091101031104042052011112074
091073074034071082094061081114084123134054064112063133051121102132111062092014032011044072042103031023033101043053131021041113024104012052013122093124022083
054061043082034084104122041073012042091121053022024102044111101092023074051083132103011062064123094033021013081114071124134133052014072031032063112131113093
071093131114121014091061073083053042101024084023051122034072062132094074092022133021043041054032052104081064012134112033123124103082031111113044013011102063
072064084074041034073051123082033134054132012114083131023122103112104061113133032011124093092081013043052063101121053071022014044111094062031042021102024091
021013044071062073023051111052011031104061101093063123024132053112064033092012034134022121102113074042072133082083131103094081122084032041054091124114043014
134073072043133121034054024084074094081104132131044083113013101092023102062091041071103022112021042064031061052093032014124123063122082114051033111011053012
084013012104101113071024052044122083061014121132092051032043023074031091094034011021133053093103042134033041072022073062124114064054111063112102082081131123
072082102134043104093094014073053083062064024051041081103052054011044112012042071021061013124123114031084092023034131091033133101063122113111032074022132121
062044072093074033133014092081063102111043124083122082022104134094132123064024084114073041021042112053071103061121054031011023131012052032091101034113013051
132033042073043082081053052083111071094062014134064101044112012091023024061054011041031113103034124093121032122074092063021051104133123102084114131072013022
103093083043112084073032052064042071062101074041031012054013051123061063133122011022111024092082102134113094034121033081053091021104132023131072014124114044
083052122074093121021033023063104113032062031084072054024133061132124034064134092111094022014102123101053051012011013042041071131082103073081091043044112114
044124032093051071083122054074091043023113092064022134024123063052042094132104133112114012011103021102053082073041084033072111013031034014062101081061121131
013022132083051102073032053131122084094023111062104114082081123031064061113072103042063043044101134024133121034112052014071012091093054011041033074021124092
113123084061023073032071082052122093044112054034124092072051083013134021042053074033064012091102114111101133062121104132014022031131041024043094103081011063
041054044123131104132043111133112072092134103113094023102063033114022121062093053021014074084042083081013052091024101011082061122073012064071031034051032124
134094052074121011102051061064122113111053071101022082013083041092103031133114042021073063043072023062054132123104014012024034044091112084081033131032124093
044052103053123104094021093134034091083033042013122101043131064063121041082061062092023114133011073084031012051102032022024111072124132071081074113014054112
044124112094022102132122034063032084051014074012052113071114013011053121133131123023054081091064103092072073043134083042104062101093024041111061031033021082
054081071094012061083093052101121051122113022132103063064023042112014104124082123032024102074031092133062013111053044033034084091134131021041043072011114073
032073061013011131133072053091054104063101092043112122034024093094023062051132121031083014134111022033012102021074081103052064084082044041042123113114124071
112111123041011102094071104091044092061063034124081114062013103074122131021031051133101053083064093042084113073121014032024043082033132072012022052023134054
121072053023034112081044052073102043132033012013111113122071054041014063031062011022133134084061094103051021083024131082123042064124074032091104093114101092
013041112084064124083032034093063104133081024074113071102062053092052061132114073042072043123011031101021033122131054014094051044134082091103022121012111023
093104063072121094012021031101122132071061074022082032114123092084051131064133124062134011041033073042053102111013023083024052054081044014103034112091043113
133053104113041012062083124011051081031084034074052121114091111071021092132064033024032013093022112023122042044043131014101063094061054082123072103102073134
113071064124091123073012052042132051093053024014104094044102023121041114133112081074022032084011033061131082134062021054092034013122072101031103063083043111
083041133023043091062014072092053102082093101044033071074103132111013073124042012022122021051011024032081131063094134104034084052061031114112123113064054121
064024121094112074083061101063043031073034053044134081133013111123041022132091122012124032014042114131102062072082093033092052071113103054011051104021084023
023134041112133013124114082072071093104111113063022081131051084012121132123024091021032092033064122031014054011073062052102043061094083042034044101053074103
063054094091092031082032064071011111103061034042122124113104131102023112123074083081134041132062073022133024114044033053043084121013014093052101072012021051
011014052092021033081032134071084112063124072034121111104013114073023012103022133123031041051061091083054101062094113074043131044132042093122053102082024064
031103101042043132054081034072123011111082084062071083013053133012121051044052134021102014112114041024033061063073104022131094093032122023074092113064091124
101083072113112071133021043082104094124064073121042081023114044093102012123034011103031032054033062014111061053051022024122132091134041092084052131063013074
023111134062113101114032112132124103123074092093053091131011051072031084071052013044014133021042102043122104033012061041034022073083064081121094024082054063
093041132131121092102032134084133111113031051104082081101094083062072071073112011124033013014074044053091123042012043063122103052023114061064054034021024022
132022024064124063134101044052133033122111104081034113062114082083043084053042032014072061112054093073041131071092023091123094102103031012074011013021051121
051054083062133061101081074053121124132084013114102123064094093113021022073091034044031063032014111072043134041131011042052112092012082023104103071033024122
074062101013133092122083094043121042112021131052053114063034123102134113054091081103031071041061051011093032111072033012023073044124104132084014022024082064
131103052104101061081082134111092073031102044124033032012132093113053023114083123021011041121091054112063022062084122071051034024072133074042043094013064014
121124034081132041014023084024122043011101102114052134071072133022104073032061103021113062042063094111131013083112031082064123012054051044053092091033074093
062082101072131021042133094112061091054043041132113032024051103124111052044134092104012121034083063093122114014011064033031022053081084074013123071073102023
022062073104131052113043041094032093124061064111053042011034054132013063114044014082071024051092121123023021091081033134103112072101083074102133012031122084
091072104122081033074132013082114051041084062111063042094124034011053061131054113021043023112012071024032073031022121014083064044134092103102123101133052093
103021064022082102063083032123081073121062091051061071054044093084053094114072052043033111122014132112024134031042092113041104101023034074013133011012124131
101114083132084073092131052082104051094032041103053102021031133091033023111054134093063012064081043074042062034112113121072022122071123011024014044124013061
054042094113044083031053101122092102134082071034051114041062133123084111024021093074011073033061104052014064091063124013043112132131072121103023012032081022
082013042072044052131043094012124061102113101083063093033034123132023021024032081091112071111074084041134054031092022062014133053051064011122103114073104121
103022084134111133093023053072122102121083114013094081124074112064031101011052061021014042091024071063062132073044131012034082043123051092032113104033041054
082121093021053083134024052094031034054102103104111084123044032061122022011091133073062041051131071081132072114113013064112033101074023092012042014063124043
133024074122083013022034114051101124103062111041094084032033011071014113031093112012021091072134052044104082092043081023132123131053063121064054061073042102
092112064071124132042093084101061094031114134054043041081082121034023131104083044033091032133123074011012063111103053024113122052051014072022062021102013073
051094114132123134131071023054084072053013091104124093014111133064052041034031121103102061092012082062081101063043113022032024044112074033122042073083021011
064071113022121033042123104074131012043124133103122054092132063053023014114134041021102081083101111011091062034052032051072024044112013084061031082094093073
132093054064071033131133052104073034072103032113041044022024081042082031051134101021061062023084063083121011122053091074092111114124094014013112102012043123
124054071123131061121034044133114122041023031063104102094134091132092084111093043021053032064082074024083014081112072062022011012013042073051052101113103033
091121062072112094084124052043111041132063014134082103102022092123042032021101011133031113051061071093012053023044114033104081013083064074073122131034054024
063062022043112053132044094061074084121052054081103093124013134102023131012024091123041071051104031122092033082034101114021113042073111011133072083032064014
121043013101132072124071063112082052103033064084094092074114133104011041012083053023031073042081113122062093091034131123061102111054051014024022134021032044
021063061053132083082104011121022112034023131092072064133052054071111062101114134102031041051013024081032091043012124073042093044103033014084122094123113074
123062102124033053111011042134132043122131061074112082103034031032023121051083064092091133101063054024013021041022073072052104094113114012084014093081071044
121061071082091114074054022011131041051094084053042063031012104072014113133062123021044023093024124064132013122043073101134032033052092083111034112103081102
061064114073134051092022041084132052023074123094133042081111121124021113091031032054024053122071112104034033043062131014063044083093082101012102072013103011
093124042063031053083091092122103021051033072024064041102081084094131133074113061032123054052023104062121022114073014012044034101043112082132134011013071111
053114061122084101052134031034111072024062094033064113103081063124012074133071044102041121051082123013054132112091131023011092043042083021032073093104014022
041124102132094114093074112072033131014091092042082052071031121123012051064134034032083063073061084103024013111054011021101104044023113133062081022122043053
032043104072031063082071051022044053113084134034124093012054091073042133111041064094114062102061092103121101021023131052083132074033112013122011024081123014
131013064104043051132083091081022113054074042121062024072092031063032073034093033052084041044071061011114133094134123082112014021101102023122124103053111012
074091052114084111134051042054043102031092112012103021044053131013071093061094081082132041101024022133063032122083064113011072104034073062023123124014033121
012054082104063031093032041053081112074123022131072133084124103042051044083102062064021113061134091132094101111033043014024071121092052034122073114023013011
014024132114112094011022084062082121072012111101021102092052133103043042033083093124064041051031134053044013023081032034113073091061122131123063104071074054
034114112073113033133062044041124132053131092101074054064063121071111021052051102014031104094134032012081042072093061022013083123082084091103043011023024122
062084132081053074064042031112124094133103121102082122044104101051021073063041023072113123092054091134032111043011033052012022114061013093071024034014131083
124093092013133111044051023071012114034062132054123083091064043052131122011081063014121104022032094033073134021041082102072101024112061074084113103042053031
081022084042132092082061124101122071032054013024093133102043073104051063053044083072074041062131121111023052091114034112021123012033103094113031064014011134
031064121062084054033061101082013041112083053051104043081034042132023063133122123032074131071094124092011091111114072102012073113014021022052093024134103044
021064121053043023033131072104132063133124114051042074032013123071022103094113082073084134031011083091062093092014111061081101044024112122041052012034054102
052104071053111123134031064062113124094061092022133043122044103131021063023132102084093041114073011072082012091112033042014034051121101054081074083013032024
132073022114094123091024084083122131103042092134082074071061072062111033133012021011031054014032064053041113102013124043051044023112081121052101093063034104
044053121084041022093021074033104072073023061012112132024081124083064133042113114094031062032082111091103101131071011013102092052043122054034134051014063123
063064091072114121082051111053112131124033092061024084021041043071081034093011062044122022014054103083032113123012134133013023104101102042132094073074031052
014051134114081042041111113023112084092033054132122064094072093034073032022011133061062123131053074102091124083063043012013121024052104071103021101031044082
044071124074052084083064104121024101112072103092093132022034061073031062041051102134094011133012081013122042091123111113043054032023021082053063131033014114
124013123111071133074022044083063054053094132112121091051024021104052093041064011114034031113103072081062101131012084134032033023082092102073122042043014061
013022064081112011074044052093041053073092134033021072062094123043024084031091114131133113104121082102132034012111063122023101014054051083124032061042071103
031123131073042134024102093072012074103013051132053014062111063061101083011114133021113084094033041081064023044121034082092112122043091054022052104124032071
014093062042104131053051052023011021061091114122101012112084064044074083031022034102133094041121132081033071111092073013032054123043082113063103024072124134
124103042063044033112051104054122041101052034132013081102021091121064072053114092123031113093061083073022032084111094071024074062082133134131043012014011023
012042043101103083113021122074084132052131054044024061114064071094023073133081134102104063051111011072062124123092013034112053093014091022033031041082032121
103101022082053102072124023033054123134092063071084114122121061091074093133032042043031051064083021041062073111112113104024034044011081013131052094014132012
021131054061112094073051074114071132111124083134102121133091022104011093092024103063034062044123081013082101043084041052042031072012064122053033032023014113
063104043093121022012062101073031113111114044103013122132053014051034082133052072042123083091041131102092021124084032024023011033094061064112081054074071134
024093081083124132122032061064134101091104092112043063123022072084131103071042053102054021051113011111052012133074023014082034044121013041033114062073031094
043074121044131093011052101073083114133103122053063111102112031061071042072034104023064091051013032084123054021092041134024124113033022062014082012094081132
062123093094104083133122103124112064041063092132084073134044121071032052131074101091031012051113024072023114082111043013034014061053033011102054022021081042
131094041112051042064054101043072014062061114091053093011044102083033092024082111031081034052122124134063113133073074012123022013104132103121023032084071021
031122042054032053071132043012134064023073114131062123102092044112103104133041034033084013052011093024091063094083014074081121061022051082113072111101021124
091134121072123111042114063071094032041122043011062061034081064083044021031074102084093053051024054022104113033014112012082092103131124013073052101023132133
083024122031084011061032051041034043013071112042033014132054063123044073023103062021134133113093091111064012101104052102074022053082081092131114121094124072
121124042131134054012083031123122133132104053064044021102024074052023101082091041084114011051093113071073043014111063072022034081092032103094062112033013061
044082122132101121092104031124113063071061053084011112043062042074041022072093064131032073094013012123114133051083081033014034052111091103054102024021023134
041134071083053064091033124044081093074062061132112082084131063072031022092021123111121042122032054102133014113073023034012043104052051103101094011114013024
131123072103124044071062052034084022054121134031061113073091111132021094064133012023114074102081112053093032051033043083013041024101042011122014082092063104
084092021062132043103072102082101094081031124074104013051134091022083042114073123113071011061093054012033041122034044112024053023052063111131014133121064032
041091033063133081083084014023121042111024021112114103011094074104071061102064052132113101072043031073124082051062131034093022012122092053054044032013123134
132084103022053082062061123054114091074134034071043131121024092032033094133104011021031051124122073102113042081014072052101013044041093063012111083023064112
121133134012093042103082063084081071072123132094122032044114043073023124091092131064062102053024111011041022101033051021052034083061104074113013014112031054
101084033111104123102071034052091082062073113092132094081031093044032024074051112041014021121063134072122054012124061011133114131022064043083103053013023042
132064011072111052044134083122022074043131024031014101104112023123021093032133012124063114113061084081042053033121102013054034094082051091092071062041073103
124134043031042033041122011113091054132012123032103083064013022044133061084072051074111062102021092052073101082071131053121034023014063112093081104114024094
084063011074064062134054122093073051111091114131053032121081043022133132094014124021031041034061113023123033103044052092112071042104024102072082083101012013
063054042032122121082014034062134044053104111072132102033112103052124074024064101043051114094131092071013041012084073113133123011083061093023081031022021091
062052054093044042111092043064101013123034053063032073031061122091041023133072011112024033103081071121021104102083114022084082134124014094131051074132113012
134074051084024101082032124021122063091113071044022102083033011041023062064013042111031072121114054093073092034012103052053081014094112131132043133061123104
044071061112041134064074052081072093073021092132102114123024131104023054084051034103111124121053063094091042012031122082011013043113133033014101062083032022
132014041061022012134082124031063131103043122064084123093013054113083074133033011081073114051032111112092052104121101102053034042023072062021094091044024071
053082071042103112094113061132043131064063034023111062024122123051121092091081021011101083054022084114044033134093074133041012072052032104124031013014102073
023022114082093121101071053054091081073064014103092031134111061133102131034084124021083043044074104052012123013094024113072042041051062132033063122032011112
071124131031072084112014052013102064103134113041121132032082053051104022074034111021133123083061033081091044054043094093063012011092101122114073062023042024
121103091042064114134053111054063034052061083122022131102074082072113041124081011133031014024132021094084012013051023104123043044112071032033092062101093073
061031113134044033091133132093094112082024064083121062032021074103011073122012043041084052111114071023081042053104054072051101022124131013034092063014102123
041124011134043072062132081102071103111074114131053083034023063123052014091112032084022054133094012113021042093064092031044061033051122121082073104101024013
061111093073104072092064102121131031063013014122074114083071134062103124012082113021034044051024094033054052133042081023011043053091132112022032084123041101
012013032092121084103072061044124094082062021074071064051011073042023123033091053104081063114102112111024113134093131041022083014054101031052043132034122133
104122042074024121052123094082012043011113031061033084102064093071131034092091021133013054063062032023022053041103081014101044132111083134112114051073072124
094083064061041101032042113063072084091053114132012062122043121011044052081022133024082112131073092051031074111103054034014021134071013123104102023093124033
134011044072113093112043081082102074062024034012133121132041083084073104101131033051053124021063071013054022014122042091111032103052064114061092023031123094
072022124031034013064041134084061132021042051043012091102121063024023071011052133122112054073083044032094033082101104092123062111053081113114103093074014131
012121011024124104092032081112134113064022094132054133044111101052023053062051084034031073083102061072063091033122123114014041013093021042131103074071043082
061051053123092132081104131072124084133031112093073134043082091054121094013011033042102032023044022113101074071063083024012103021114122034014064111052062041
061073071021121111123101133023083091114094024132124063082103112134064113041104012092102052072014062033032022131093034122074054042084053011051043044081013031
073012063134031124061101051092044104123114054064032072021034011043071133041083074042082093052013081091053062111122131112024094113014084103132121033022023102
023043062022101084061011041042132094113091072082053093081054103121083052102024104032114051013014131112111031124021033134034122064133073074092063123071044012
072134084101051112054132122092063042043094131104062033034052102114021073133082011103031041093083022053032061113074121111024081044124064012013123023071014091
054071031062064041082114102134133072083081044052084074043011063113123051093061073032091014012124112121111013092103053132034101023021122024131094042033022104
082044131111123022053034133041093102094073032031083043033101124134091081084014112122051013023054021072061121052104042114062012092024132113074063071011103064
053131123134082062074122092051064132023114104101063124112014042081033071022052011072054012133061121091034113111094044093013021031102103041084083024073032043
072133114074112081063123104113014122054064134031071051061053132073044043042034011084091121052101131103094041083124023024082102013093032022111021033092012062
083022032033122111103113071024043054134072104053094093044063034084082073133124011021101132012061051062081114023121131013052031112092074064102041123042014091
043072113022063132083064042034092121061123134031074052014051093112033091041071024124011114062103012053073044101111102133081082054122094021032131013023084104
101081073093064061063044091071021053104043084012082042052032112062023111133102033041121031113054114123072134022132034122024131124092083094103013074051014011
031073114013101083134133021081094074053093122102011113112044042092132123023084131103104052071072062022091064012024111014043063033032061041124121082034054051
131071054102023133093073112082063044124113092081041021072053042033134034132022043084062064123032052083114101011031103121051094074014091024012061111104013122
112124131072034084092094114052033043011133022064053074042044063073132062102071103041031032093113104134051123081091012121014082024111061054013122083023101021
041113022044104083051084133132091064024023123122101131012043092034081054061031011072063102074121094112042114093014021082073062033124111032053071052134013103
092051034042024074103063104044031054081014072132052062043041091114111113124121083082032094134102071021123101053133012011131112073122023022084061093033064013
012132024094022134101051014043073122072062041071114113102033052092034111103083053032123044091054064093133082124042063031112023084081104074131011121061021013
133114134111023112033034052101122071102062051084044132061054123063094131014022012031021092013091124043041083073042093104032081103024121082074064053011072113
041022114111014051044121012092133063054072033032031021123112062042034074102122134052131064132061053081043101023113084071024083103013094093082104073011124091
101104042054091131031063123122102082074093043041073113134061121014023083033064011092053021051071114062013052081111072022034024112103132133084012044094124032
123131024081072124133112074082093122071053052102033064061023051111113094121042073021103092083054104101134034031022043014063132062013011041084091012114044032
063083061053052073111113102103041133101014124032033092022023021123072131112031121062012104044094043034011134091093122082024132051042114074013071064054081084
121132073074053023134124084024133083033082022034042113041131104044071114043052014013112011031102054032093101111122012064063072092094021061051062103091123081
061014114031072041122084104062134043032093042103053133064023071051124052082121054034022081013021074102063033091012092112094132113101073131024111123011044083
133041131031082122134101063103073062081022064094072102053043054034123071074061044021092113091104011033084093124051112111032083023052121024042012014013132114
134124021034064072074054061012094043032013102123131081063084044092062103031014011033042041104112024113114101121132122091071023082022133093051053052111073083
043063014023071021084011052092093024113111064131074103122031042022114061012054124083094041134033013081132101104053121123072034044082091133062112051102073032
084101082122132072093063062071121091074134013051044113033024042064022052131081021112111041053054133032114102012123031104092034073011103043014094023124061083
094071124061032023012034113083122013114072103062121093044014054123024074133134011051031041021111053131052104092101091043033132112022042084081063082064073102
132103113081042102121044082041013074072084064052094131083053063104062124111012123023134022032043031112054021122061133101051091011034024073114092014033071093
091031113112062104064061012071081052093094044124034072101121132133023111051074114033011041053073022131014063082032043103122102024054021042084092123083013134
064031123104112124094093011121071131134053013122054132041101114103023034062133073063021074032022082042014044091081113111051033084092072061024102043083012052
023132071052082114111103054033121123102062043131064113133042122053014134034083011031021041051061013081094091093073032104084112012092072074022024063101124044
134061083073133043053092101131064124023062031072063113102104111041121074082021093012013032094114071091034054103033022011024084112042122052044123014051081132
043102032052112014091042041082122064103073092123093113031051131033133022134074011084114012104044121081053132094101013061062034063023124054071024111021072083
014084111131051123102094114033081071043112091063124022113032093061041122064074011072062082023012134103083044013031054101024053121042034132052092021133104073
092113082074083031011053023124112044132043133121114062071014022104024013122084101021033073051123103093134064032102091063054052094034111072041131081061012042
062053073093072064024134054121133082114042131092014071061032081063021084132111124052031122011094012074112103083051102034022123023013101043104113033091044041
072014083051064043104113034063133124132131114053093042102111024094091071032031054021122022134011033012023101013103052044121082092062073041081123061074112084
024134032064043051103042052012101113091114014112062093063053071123132111073083054013092082121022041122072102124031131023133084081104011074033034094021061044
092073124072062022111014034112013053091054131132052122064074121051094082041012083021031093102103134133123101042061011033024043044063071032084081113114023104
131093104113114083124041054042132091133092044103074121064043102111013112052134034082011014023051123063033084073062072061022094122053101012031032021081071024
014012121073114083044024102122111103134113092071061112093084051081054082021013094041032072133033091101131123031053124052023132022034064011074043042104062063
093102091103121132133112042082084062071041092063104073123051124083044043113131094134061122033024114034101023064011074021053052032054072022013014081031012111
113032084132104131121072043064042094103033041034044112061071124123082073021063091134101054051114012083022053052093023014031024111133074011092102081122062013
052051043104111023091082061032122102123022092064073134132054131103124072094083024121062031133071014053021084034033081012044041063113011042112013114074093101
112122102082103081093054044071083133063023072011064031113061022114101034104013032074134041091094073062042014121111053033024052092132084021051124131123012043
111112082094044041103054084104013134124042121072092114122083081113102031131022074024064073033043052063123071023091061021012032053132133051062093034014101011
084022083121114082093032062034014074103134044072073113102042081051023064133071011041031061123091063122101104124131043033053013024054132094092112111012021052
031113052054062133064021053082123042121044093104014032091023094084013112081071033034134041051061073083114074111102022072012024043124101063092131122103011132
034022124121024112093073091052033084101063054021053132131103114072081013133032011074134043082041062123122111042064094102031061051104083092014023071044113012
081112084132041111074021083082034131102133093012121052062073091094023031013134092124101114051061042063071024032064053113072011044103033022014043104122123054
084033072134094121043012052061082062044051101102111011021071023133131073123083041103081113032053013104054093112042031063132074014091064122022124024092034114
094114064104124092081063082062121134101072111132093122051013073084091031123021022014032103083074042054023113041011131112053052061024033133034071044012043102
034124031043054083033094061051111024023093052084091021081123041011113073013053103114072042022132071074064062092104082102014131133101112122044063134121032012
101071061043103123083133024094114081044012072053031122111013073063022084034021091102082093062033132134041054032074104113092014064051042131011052023121112124
102084091122112121083124131043051071101042081132022092113134074012111063062093041021094011133014054013034073053064082061024031044052072114032103104033123023
052133091072054084124031033053122063071094093041073104092064022034044082061103102024051074062032083014131101111134112023132114081013012042043121011021123113
021093013122081072121034051104063092074041052132113082042044112094031103111054053091043073023114124012022062011101083133033134102014131024071064084061123032
081021122092053101091024112052051064084014041044123103094042063061032114071093131033133022062043113073134124034121083082102132012104013074023072011111054031
012121074061131082041051023054092104124073043091113133014083094112034101044022011071084132052064021032123134111072102122053042093013103114031081062033063024
024031023061104093034084083132054062013021092082053094102131134073052042133081011123113041051111122064114044012101014063022032121091072033074043112071124103
024031111132103011113131062073101021123134091124114093102064094122061034133112022041083121084054092044033072042032013014081074012082063053023104052043051071
092064131084062091121051124022031061014034053123114063083081012011023054134071103021093041133052043073113044112082074122024094101042033111072013032132102104
023034121094061102112072052101044062092081114053082111041132013074084134051113083021032022012043064073071131031063024093014091124103011033042123122133054104
073022124044082074104101052012092032102061014132083094064091021121063093133051112054114041123042071033072023131113134122031111053013034084081062011043103024
121104033061124013132082134083011102112081034054031023032133092111022062053113123114103041051071042052064101131093024021072073044043014084074094122012091063
113013042053021072032112101074034064011051124132012111031054104123131093133134033043081063041073062061103052094084082014044083102022071023121091092114024122
053073082022034084113052051114101134121044064122061131104112081103023111032021071083124091041093042012102014013062092072063133033132011031043024123054074094
054011043094111134083074071063113122044023093124014051021084022133131041042081064092061114102031073072062091104034112082053032103132101033052121123024013012
092083024013014082114032021031012011022053131034104121043054052123102074133063044071093042051023062113103033111091072061101124081094064112084122134041132073
042032031014093091063122083082054013051052133061104044092073094043023011062131053084021041024101113123102022033064081071134111112012124103034072121074132114
042103084044064134101072092114054122123133131132111121102013073032093112124094023091034083071082051041062052031061024043022053021104033063011113081074014012
013123042084082093103094044102113114134033092041104112062111091064083101054043124063071133132061131032014031072081121022034073051023011074053012052021122024
102061122081011062103053123131051083032041132072013111063034024074093101133021073071104112084113022064124094092121082014054091044134033023052114042031043012
112034102062043111103104042123061091074121081073053031013132063082122072131032024101071023051052012092083114093124044133033014022011134041094084113054021064
113101044051082103052091094073043072134123041011062042102013084053132032081122024021054031022093033092083111014061063114104121131064124074023133034071112012
073022133104091114121032123074083063103064033112053081023084051101061131092021132134054122042014013062011093043113041102071034031094024044124111072012082052
031013024121044064012074062082111123072114104101091032094124073133102122103034113021083092051043081041112052023033084014063131061053022011042093132071134054
134014083061041131032043113094074054031112092121132013133062081123042033101114104012093122091051102071103124044084011073064072082021063111022024052034053023
052113121111122072071104112061053092014082091103024102123013063074033034032084011114083022054133093041051101124012062043131134044073094021132042064023081031
131071013102012033083103044111064021041034094122053062093014022104011032101134072082123073112054132052113084042061074121092114133043124051091081024063023031
081014134094122051102032071103074131054092113031062022024123091043042112121084023093072041101111063124082133104061013053132033044064021052011073034114012083
084022104014054123114134081093103092131042094044072053023031101062111073052021091043041013051011071024132032102112121124064034083082061122133074063012113033
121133132101102111122032084094114123082031103092053093054061071104034124131064081074023021063033072043113012022073042083014041134052112091024062044013011051
093081033063014122011023021013131042101082024133054071112074032061052073132031084022043012103094051041091102111083113121064092104062053123072044034114124134
134042012022031112121032072131071101082011023102053091024013073111074043114094051124041122084052103081044083033014063113093062133064021092061034104123132054
021061101094062084064124022071132014083103082122131072054043032051023133042092063033091041024112081093102104031052053011114074044111034013012123121073113134
073114061121104062092032103042081123131041044072074091112043102082064113111083033122034031134054051124063052094101023132024021012013071011093053014084133022
113024072092081033121102112124084051012064131061132034134014073103122022054053123032031011052082041013101104044083071062111133042023021094093063114043091074
022053064061073121042083062051133081044071123134023074102101131082033024021072011052111054122094132034091043093114124112014013092041104031084103012113063032
031052114064034084094053023071133061081013091021131041111024124054051104132033122044063101073112093121092014012082042102103043062072022113134123074032083011
091131034012094092103083063112071124082123134084042044102052113104023121054074011021031043051133013022061041073014093111024064032062122033132072081114101053
103052131092113044072043091122101024063034061133053071104102011081111042124064121021051083054023094062022132093013033031134084082014112074032041073123012114
113024054051083072084032123041122092074023013042034111053062114091082071022133073101081094011012124014093061134121131033132102043052112103031044063104021064
104102101051133114113043024121062053122023083073081061123082063131092112124052072134071093011084032054033041111132094021022074044064091042012103031013034014
131032042112051064063031123074081011114034103093091134102101104072133014124052132073092024082061113022094122021043071083012062023033054084053013111044041121
132092073012083033031041131102071052094124044053064104114111061021081082133134011034093072042014043122013062103032022112024051123121084074023054101091063113
071031042054082074124131132013091064121112134133044032023113063022104021081083111053094033051084073114101052103024102092011093072043061041014122062034012123
052064074071041054094011112053014092114091131034101073023044081082013111133072061032122084051083024134042033102021022113103063062124012031104043121093123132
073062074101012114131123111032044043122024033034084072133064052132023071013104134081061041051031091063054021042112082014011121094103113022083093053102124092
054134052063024012111124081071122032103041042013061091031014082123131072104073021044083053064133022114011033101092084121093034112094023062043051132113074102
133031093094062084121012043071024113082124092054073134103044102132034122064072042091131101041013011063081112104061021014033052074032022053083114051111123023
124112101011134084024072091022114092103053082132073121122081071111012042052033051093031041102061063043032083104023131094123034074064054044113062133021014013
052104114051072132082134091121084122064131124103053024093013021043023061101102012022073112032042133081062034111083113014031123041092074063071094033011054044
133124051072104101093023042091121064084053024033111063123061094073062011081071052034031134092102013122014032074022054044112113131132043012083103021114082041
011072063061022092012054041083024052031014042132113013134071033053091034133074023051112102084124121032123064101043082114122104044131073021094093062111103081
