071121084073074133061093132054082101034134012064104063123013103051131042021083041032091043011113024044112014111092031081122072102124022053023052033114062094
112114054061133032044074094132084121073051072024093082131071113134111023104083052021034053101124031062091081022123013041042033122102092063011014064103012043
021092093091082131112014041133063102071064052011122114042134104101121073094031062053024032124023044013012034132084103123051113054072022061083043111081074033
031021071053042051093081024131123011062122063013084134111092094132091074133113022034073104121044103023033064112043012041054072082124102114032101061083014052
041082131103094133063111031124043044074013084093054091053121034052114072092134033062083122061023011081132073032012042021014113064102123022071051104101112024
074072124091134131044071122012123113092033103054031084094061114132081101051042011022064112111104032043021062052121053013024063041073093014133083082023034102
074113041093012094123092073081034083132131061122071072043063031104052013102014022011101124133053084032062033091121024082112021051054064042103044134114023111
093113133053073124132103102071111092014062074061034043131122121011041042072084031021022134032013112094101082023051054081064123104052012033044024083063114091
121091024132104101093074042073084043034124012044113061131013063123023031133011051094134041071032103054053021014122102022064112072062082033081052083114092111
012043074082061044103013011101072022104114041052121092071033094051023073031021081083124014063122123054131091034024112093132134102032113111062042084133064053
122061021074133081083022031092094032042064124062053044063104071012023114073121102014113101034132111112033131103123024072134011051082052093054013084043091041
084091061102092031082113131051053063112123033041024124093021111064023132062014044052073081101042022083114133011122074094134121043012013034072032103054071104
113084053063133022112094104081121131093062043124064083052054021032091061103033031134071102114074041051023122014044034013073072024132012042092082011111101123
024081034042072104033021054052013082074131064122062092114093053051103044014031071124041032113022043134011102123073084111132063012101091094023133121112083061
063064093074072114061062112082081073101104031123102083134033111071023012042052034021022041051124121132014011133053131054094013084113044091043103122024032092
014063083044033104112032043062092124041034073071054021132081061133064111082121011102013051093042131031101024094103134122072022123053114074084113091012023052
102134073084081071082032103042101123062021112131064092034133011114054052041094072111124113024012033074083063132061121014051031044091122022093053043023104013
091053084122111012041062054131102024134063092124014033103032043083021073011123044101031052121064022132094093071061081114112034104082051133023013074072113042
023043113104074064123033091093083053112101032062052081012111124051114072031061071044102073084132121022082063131094041122134034024014054042133013021092011103
012054083042132131063114033122071061093134113021101011082052081072053014044111084133013041074031104023043121112032091103034123062102024073064124094051022092
033062092044082053091031063074094032073133132021071103054101111083104131102051061052114113064024121112034124023123122043013012134042081014011093084022072041
034103134074044084133021064083114072121023042104033131081071094051124014063032031061112012091102093011082092113013111052041132043073123062053122101022054024
084013073031123133021044122011113131114062074103124034121132052091041043042023054012112071061014051134094064111102032104092081024083033053093063082022072101
133034053111061073044094083022122113024041134132093131074013112052101031081062071021084032104072051082091102064124103042123043054011114092033063121023012014
022061042104074102062121101032083094023071092043011014134064021033091052133082031123084012024103132113063073054111093041122044131013112053072124114034081051
123033113052114124122021054042131062023053073133074031072112061032102134051043104071121103013091064132011063081093101082024034092044041014111083012084094022
043032044134053111123093114102052042034132121064071062084101063131024012083124133113051103022054061091014122072041023031033013021074094092104011082112073081
121044104101091082094023013114111102084021103053131092074071113072012034052051093031083061081123064062014132133043063033024042032041122073112011124134054022
071054133081022033093123112132091084061121052134111124074131114072041113101021053122044064024043013062014103102042012011092073063031094104083051034032082023
132134113063032092071123083081041133072054073121131042114122033124112021014053104012094023093084074111044061013082051043101062011031052022034103024091064102
054091052124113073111024071102114062131093014084032133094021022013023012064132092072051122112011041044042123043121081033053103074082061101083063134031104034
062133064114132011091121082093063014044072122061032053102084092124134123033083043021101131104103052023013024051042113073112034054022081031041094111074071012
042081033091112101113071052073132114103062041093043082064063023092094021014024131053012034013124104084054122044134121022074011031083072102032061051123133111
073071061111042104112053012122023132063091031034011043021014094064093121022114052134041013124032072033084131051101102044054133103024123092082074113083081062
091081032062042112011094131031073071103074034092054022111113064114023122132072093063101024041021124104123043083014012044082052134053033121133084051061102013
132064063134042102082113084081054121094111013131051092124041024114061073093052071021122091072062011053083044074014022031012104043112123101034133032023103033
102054074083082124112051132071031073094093032044113103012023063064131122101041121092104111014034053123011022052033134042013133084081061114072024062043091021
024124102113082114131023081112092103034074014054063042064033072041032123133104011021101022134031061013122083111071091044132043052084062093053012094051073121
121022021084101034124113044051094083132123043122134053061063032041073023042074024082112092062133031093052102104064072013081091114033054011014111071131012103
092101062044043033063041134053083051061022132104072012102112113111023073071121081103123052013024114093031021082032084014122054042091131074011094064133124034
061123031094073121072132021054084112093124113101041081051064024133062131023011022122103083074014071091082033043012042092044034052053134114013063104102032111
082091104094112101073033011053032062121044041043061083031072084051024012133111022023093102103081131064114021052124034123113074063054132092071134042122014013
111061072083101113103094051091124073081074104134133121064131093071023033054012011021044132084063112031042022102062043122092032052041082123024034114014013053
012092121082122123024081052042131094133032114043053134132112011051074103101021041111104062102063071054061084013023014091033034073072064022083093031124113044
102111134112103053084041132124022071073044082121052083021034131094051133064113114054042033081013062061011122104092123012072032031093023063074101024043014091
131032061102084121124054112092074101073051113041064052024122082123022053134103042083091031033111133044132021062072023013063014012094011034104043081071093114
091021131052031073093121041082122034042062024084102114033083063094061053074011113104103101013111051133072032012023044043022064092134124132054112081123014071
033023111072074113103032061013043084092081102041034082044124022064094112114012052131132073051091053031063133104121083101062123054093042122071014024134011021
091123103094051071031112131132022113034084053032064021081073122062121083042134101023082124054072041093052061024133043102033114074104111011014012013044063092
042034132032094031104111043122112071084091101124064072044114041082062023063021121081051102013093054061012131053123133103022011083113092014052024134074033073
024014111112073081104101052032123093064033021082041094062074134121061114084091103063072083051122044012013132071043092102113031034042054133023124022131011053
041043021103054114113084094101064092111071083024051134044082063091012072074093042104023034053033081022011061133031112052123102124062131073013122032132014121
101063131031123042112053121132102061122104074082072091111071034094023014133073033062114134124044052024103113011043022012054041064083021092013084081093051032
101104113132053041052021122091134051064093034081124102022103062061123043092131031012112042072063071083133074033032082014024073121054044084114094013011111023
072053022042062122093073101023081051054103121021091043041034092031082032131014074102013132133063061104012011112124033123111114083084052064071024044113134094
071064082074122072041021133024022101084042063132131134012091093032061114031111094092112051014043123073081023011102054033103013104052124053062121034044083113
041103084031134072122074014073044094132062033092114052023093121081102123082043113124101061053104013133131064091024011022032111112042054021063012034051071083
134044033053021091071074064092103061081111034022012051024062131114023121041093032054031084094072014013043113042073124122132083052123102104063101112011082133
092063072094022114111071074041051122103042054091044024031104132102101124053062133023034081113083011112082084052043033061131013032093134012123064014021121073
071081034083101113044024134092133094121102074132011103131091053051023073014112031021042072061104063123012082111124052062013122054022041093032064033043084114
124083102132082081071122074133054091092093061123121114031062032063111044064013011103094101041072024084134051033014023052053022113034131042043112012104073021
132113081093064074083103041052072062042134053071044084131023124033102032043051133021091014121054073013024031101112012034082011063104122123092022111094114061
072081114124022061134064083113101051103074104021024011041013084111023131042132054044093043073094102053121033122091032071034062063133082014031012112052123092
113042124072021093092083054104024131052031073034071084061133063101014023041074121032111094043123013012081082134033114091112132044122064102053051022011103062
101013103021022083071112104023124133054043031051113063081044052121034032122134132082092011012072094014114061131073111041102074053064084033062042091024123093
032134061102052113131132101094081033064062063133042074122104123121114082103083011021041071024072013084043092044073124014023034053091093054022012051031112111
114104133073122083134111024062112132064074113102042053131013124094021082072031084044034051022061011041091101063033054071043052123092103093081121012023014032
102061053123041064023032104134083131103043113033063124133094014081022052132121044021062111112091024101042093034054084082122051073013074092012114072031011071
091092093112131094064022013133082033104061063103011101122071084113044014134032053052124072062132074121043102123042083034024054012073111031114051081021041023
024064044081031042113054053041074121134034092091104114122051103112033072014071021111073084032043094062082133093063022102083124013023061101052011123131132012
103032044063052041091094043114082024111083101131023093034104073121042134122062011071061012033133064102072123053021112013124022092132081014084113054074051031
021103051082074122091031041071033121112044124022133104102081092084024061073113064032053093131111011034072012101094013042054014134132043063062052083023123114
134034061053103073054033131094082074081052062051063111102093071083042104121043133021113041124091022123072031014084092112013011044132122012032023114024064101
111081133063073082114061122132053071113123074064051112024101103083012104023041072021084043102094034131052092032042091044031124093121014062011033054013134022
052134082031124033101111123032081064042084083094012113102131073061104063133014011021112114074043024041022091053121072054092103122132071093013051044062034023
082103123053042102094104132033032043114062083133041074023044113063081022122112101064051054013092034014131012073084093111091072071021031011124024134052061121
063074034093071043031032123041021072113062011033101094054131112121082012081132084134073091102052024133114061092053064014042023051111022104122103083013044124
111121081134104063033093071023131092101052094064132074084021043083024113042053034022091072061054124011123012041031032133013051062073014103044112082122114102
061122111032091074092071051041024083042133043134072123114022073131132063062053102021081034064031094013104093012112011082052023054113101103121124033084014044
054022074132031053072084102113111063011052133041104122103081124091062033131101094134083013034051061092014121021012082093043123071112042023064024044032114073
111133051053132084112114071031074073104062094103064122022121131032041081034014123021092093011083082091023101054124024113063042044052043061134012033072102013
061011053124104113132052094112064133103054042074041101102081012062023092082033032024072114031021013121044014051073083084134093063091034123071122022111043131
023022091042061123052112104083032102062093071012103111034064131024063094033101121014124013041134021053031011132081043113092074114084054133122073044072051082
021121104132042091112044071051063074133043094081092082064061072033034024134093013131102014012073124041032114022122103113111062083023031011084101054123053052
031134092072113133112114103021073121111123093063074124102044101094014104084064132041083131053081023011062012051061032022043071013122034024042082033054052091
132033014111044052071062094034043064112114081051072122023124024113053091042123012074031021082011054073032103102084041134093013063061022104131121092083133101
033093124032071042094072011044104082022053132102134063103131123073111031014074034021051041092052023054091081112013113064062043061133083012084121114024122101
102081052073113103092011023091063054053104033132101044114061124133084051083042134131034041031062074021121123093022013071032082112111014094024122072043064012
111062044084113053121101073063091103114023071033024104122094134072054051074022083041123133013043061031131012064034082052102093032132112042021011014081124092
073101112023124132113092044043133102071022114134094052104074072061021062131091054122084082012041093033111123081042051014053013083103063024031034011064121032
031054083112111052072024033081022051132062103013044121113084091063094021123134032014061124064101114131092071012102053073122042023034043011104133041082093074
131024112113072041102034101063114053074062093022031094032042061111012132021083133014082071051124033054122064013044123073092121084011134023103081091104052043
033093133091074113024063072092012111014044043094084103112013052083051102064041081054032062023053101082121042114124011022132034122071031061073123104021131134
012104051124103073061063111093021024114062031101131132013074041122054113052092044134032112083064094014034071033082072022081133053023011043084091121042102123
082021012073071044072133031122064134091051112023042061022013081131132094053062024123124032054092011103101114043111041084102052033083063104113121074093034014
132074051042063043134104062121071094082133081123054103024102011114052131092084032033083101064072111091023041012061022014034053044122113013093021112031124073
081123014052121013041024051073044084083094043122131063124134071012023111132034091114021103104054074061064033112042011113102133101093032062031082022053092072
053124113104074063093032082114133042102083134052122014041013084064012103101131024062011071051091121043021033132112123092094072022111073061044031034054023081
111094134124033053061101063104042092023041064132113073011091014133131062084083043021072051044074054103031024032013034102122012114121022082112123071052093081
054022111073091093053084102081032061044074033063051041094013101023072122124121034092112071062133132103011082014052031131024083123064012043104134113021114042
044053034113093054042013074084092121031082094101122114022112131064041102104103081123052072071063132051061014111091032012124024133073011043021033023062083134
021091093024031063041034102081112072103084113044134042043013051074023011114124132071082111083122092101121123073131133104022032012033014054094064061062052053
014011034113054041081071051122064021073061012093031052023094072022102044101111074103033053032123043134131104082024132084062063133112121013092083124114091042
094114104061122111053014034044112052134081091082131041042062072103093084121043054113021074051013083024022132023073092064101102012123124133032063071011033031
112131062071094133114061113101052081082074021051121064104031103083053033132054123084011111092043013093122072034041102124091032044014063022012023134073042024
092041124033053043132122071021084031072024091064044101023131062011074032134103082121013022112042081054014052111133094114012063034051083123061093102073104113
101071121113054062132091081092094074034021042014134104102013123064023012122051093133083032112041052061022024053011073082084114103131111044031072033043124063
082041084114122044063032134083104053112094092064054071102031101052022023042132133113091062093012061123014103051011124131081111033073121074043034024072013021
113103041124134061102092031082042064063023083014071093032043054051011123073022033021084091074034081024121013133122101104112114052012072132053062094044111131
071104131114023061034113112091033011044074054123041014111133101052093024021051122012081092013072094042103073043121102132134031032022062082084064053083063124
081121021084124072071114051041034061112062092011043133082111031053023022134064113083093014122101094032091033132063054012024123104073052074042044102013103131
031121052113124074114134042051081063064111061021133024094062082112084104032022072103132102122091034131044011093071053083054101123073023041013012014043092033
061062134122103034112071114111014064123084033022073074121051131124031104053091094041083021023093043063042044054072082081011102132013092032133012052101113024
054102122094041032052031111123134024103132133113061131082091062071112051063083064104053022012034072081092043101021074014042011044033013073121093084023124114
114041063101064093094104024081134102121021061112054082051052053122023074124091014033111044083092123012022062133132131103072071034043042013073031032113084011
102061073093054081063094132012134082124022122121071032042123091062072103052083033064104034111131084043092133101051041074014114031021023044113112024013053011
101071104113031131132063014092072023082123024061053122102134093091064111034083043021112133103121062022124052054013044084011073114042041074032094081051012033
083121073132112093061103133072101041084092051091102064131104124094052063054031053021014113022111011071012082081024122074042114033034044023032123062134043013
033054092082101104113103132093053042051022062111044071102133034041122014031043011021123061114083032013063074094121112131023064072091084073081012024052124134
134081104133123113114103124082072101062044051131021064031054063112073102122061042023093043024121041091032132094014022034012033071013052074092083011111084053
074061062044134091033051024073041082114011133071023054102064084132093053013111043063103052022131031083072014101081122042123034092021104032012112121113124094
054051111132012101063124114123083024044072094033071134041021064034084031133011091061092081074103122082102121013042113052073093053032104043131112062014022023
084134034114074093112032091104043094022133122062083051054071101044042081102073132123033124023024052031013103131012064014121021092111082053072113061063041011
101121092023082043112011132042071133063074084083134102022103033053061012093024064114104051072111054062044081091052014094113124122123073013021034032131031041
131093113042101083092034072134104073122052133081094091124064111063061114121031051054053013014044082062084024023071032103012043132102074021022112123033041011
092112032053052091083022093113041074043062042133114033131081123124094021063024102071103061011132122044111054072031104014034082064084121012101051073023134013
033074103023041122071124093111112053064052012024092054061034131042044084133101051021072032094063011113114134014132102073062022083082123043121031104081091013
104032014103054074022033063031061134111112131114044113064081084132123034072062093021071011024122052051013043124092023121091083101073102053094082133012042041
084101041053132063082021134093011052073043083061051121014072071042123103032074133044122023064112104113111092114054091094024034013062033102031081124022012131
034042041122114134111132052123103081012094093091083051102074073092014054133032031021064131113033121124112043061104023053062084044072071082011013024063101022
083042111082021063051064044134133053074062094054043113093022112114071081034024032124061131052033104012084031121092122132011073101014023013103072102123041091
032073094024061072081063012051033124103084111132013101054102052114023104091122083071123131022074113042053093041044082092034031011043134133062064121021112014
074103093071054111112101044131091064063051083122043082092022133084061072033114011012104123121032134102014073124052021034042031013094041062132023024081053113
132054062091104102092131043083044101073072121122024063053022103033023052094084071021064081112111042074012041113014034134133061114051082093032011123031013124
031131052132093084064022041014044063103023074092112113121013021134062091082061032094111073033071133083051053043123011034024104054072114122042102124101012081
112034024072032093103071132084051113094021092101114082102133044122073124074012011041123121091014052053083134064104081043033042031013023054111022063131061062
112061122013052064093051133014044053134091054034101032132103084113023104102083111082094033074024114123121031071131041073062072042124063043081021012022011092
064061063072133121113012124084103123101092024102114074014111081042094091134131022013062073043051033052082044053041083093071132023054112122034031032104011021
124061132092042121112123083104072133051084093081041131082122032094044114113021074034063043102022091111134052062054053073033103064023012031014024011071013101
093113134073044014114082102053071083124101092042094024011043063123072104133021074091054062034031084132103052112033022032121012013131064061122023041051081111
044072083114053102134032094074131122051034063132093113073103082101061123084043062031041064023054013012091042024112011052022124121111033021081092071104133014
034092121032122062072114044024074132051111063101134012011064053031093104113054123013042081052022061103071112014131043094073133084091021033082124041023102083
012074114023123133094104132052121071042081084062134083032124041053044011031131043102034103111073061112082033072014092113093024101064122054022063013051091021
061034131101051021072014103132063112062083111104133041054022122092023082064044114031071042043074084121113123094073081124033011053012134102091093032052024013
074121054132042064072134084062013101014102083043131133041094114113061122124044032021081112051082011023053033052111123073104091012022024034103093063092071031
101103111123031133131102114113134064061062124112132081012073063092053034074013052022122121051041072054032021014083104084071091044094042093023011082024043033
051122054074033062131073124113012031052111094091114022011084082034133072023103071032043044134123013104063101081093102014024132083121041092053061112021064042
024132061113123092102023043081053014022071073062094074101072041034032021133063083122064104103084091012031052011114121111112131124093051033054082042013044134
063051091061123032131122083042071082114062134103101113102021084053112022011013034041012064081133014104054043111072052033121124044074132093092024023073094031
042072062071033132043053111031121044122102133012081131084013094073011032064113124061082041021104091134114014034054074024052023022063051093092083112123101103
061134093101082114113032042083062102071012023052122084013051123044112092133054021011094074053103063121111091124022014043073104081064132034072024041033131031
121104113031064044081024134043054093114053083072123051102071052063103042131133023021032074111022014062094082124091011132033013084041012101092122061073112034
103112014021091083121081122051084111073113034052102022064124092053024071132044032043041133062061134011104054094082012123023042072131013074033063101031114093
082093091051134071131073081083052084092012114063123102132043074042103033133072034094122111044014031053054023101013041021022011061121062112124113104064032024
022113082024122083044021033032042074101073071104063011053084103132023072052092124133043114061034014013012091081123131051102031041121093062111064094054112134
052083053094054134012091051132103034133104101061121023131043081124033112032123031021114063113041084074062072071092013024022093082011073064122042111044014102
043052044042022061102101041123103111081082134131072092032132112091084124094083133021121122054031011093104064063013023113074114033071014034051053012024073062
062072043091104124044073053084112132014024022092133082102032101123023122021083011064074012094041093121111063071042054052061033051081031113134013131034103114
043114042064091061044013124093032081063122054101132103102133031111131024072083082094123073092034012021041134084033051062053011104121074052071014112023022113
024132124103022063011053064034131031081072133033083062102023073082013021094113084104042071112101044091012052093043061054111014122051074121134123041092032114
131042052121104054023092132043113031051071111101103124114041022133053024073072074021091094032012011081064112083093014063123034084013033082122134044102061062
124122101071111134044082051072132091053012033013092014054113063121064073031112023114061083084102024123094032081133131042104011103062093074052021022043034041
013111122083134103074093053023082063114051014123081091012102104052024112062054011132022041094133071124032113044033042073131021064092034061072121031101043084
091094081124133053073044132122071041024114042052054093102134082064101111104021051043103013063083062034084023011061112123031074012014113072022033121131032092
093092094061071114134053064034043112102074041063121052012101083031033113103131123021011054062122132124073104051014072084013081024044082022042023133111032091
082023062041064104124111092093063121132134052053072012054102043033101094044123042011032024021073074051113114013081061122034022084133083014112091103031071131
101112042021022064122032102124134121051133052081063041014111054062131132083073123094012092043084093011074053044091072103013023034024082104071033031114061113
112052054134094044043011033032103124053114012132081113022061082071034123091083133131014064041073111072013084101121023062093074063092042021024122104102051031
113071053072112132131111054043051121123102092134094062052034114104023093082073091101021124022042033084083122103063133032044014041081012013074011064061024031
114043103052102053093031092132133081101111123134113032083074121073051064084082044021094062023104061091071012042033112063072034013041022122024011131124054014
134104071124021084052031011091103113062054122114083081041032132111053063044131123033094074042112133024102064012014082092073093043121051101023022072034013061
033074112032081124104052102053012132093113111101042083071041023073114122133011091084061082051054022044064123134092062131034031121014094043103021072063013024
024064104101042094083032112124133063132062023093114031111012053073123041131092011072103121102113082021043033134084071013061034081022074052091054014122051044
102114054101032064043081111063091052084071131123051112023034012092094011083093024053073044072124104103113132122014042082022061121074033021041031134013133062
012084092104054081041034031053043083113032124023082073044131063102121114064134133123071011091093061112042101122021072094074062051103033013132052014022024111
081063124092071082132073022091072084102024134114123042041133101121062074031131052014061093053033013023104051064113111012021103032043044112083034054094122011
083043094093081064103121123061044084133131124041092082072042134053112071113073132012052032101062051031091014111034063102033104021024074011022023114013122054
063111122123051131084121043091073071124033082133101062032114094042104054052083041022134074013023021081112064072103132012034024014011093102092044053031113061
121081031122071111083074052082062101094013033084073051032103041053064114072134132034113021124023123104091043112012102042131133014061093022092063054044011024
131071101064034113072094123111122103102063091033053043023061121104024041073084032042093083134081031133054062013074124082112021051052012014022114044132092011
081031072131114122093051024103082041042132052091033074102094071053062034023113101022054084044104123014063013121112064032124073043092134061021083133111012011
061034122054091063074032112101113084093071111094124072092043064121023051134021052073042083123081082031053024132014131013062011044012133114103033102104041022
124044091121122081114111051134103053052054132072073112131101032082034031104083074043023094102093021071092133012014041123064011063013033024061042113022084062
034114044092053041121124131082084063104101074132011134102052111033022094043093064103113091051071013021031072023042122081112062061054073083032123133014024012
123052081061042093054023072124112032131063033094111132073044092034062064134114101021122074104113082084103053071102133083012031121041022051043013014024011091
051133084081034054102032074091042043092114123022064071122011124082033061113083031021053111073041104103052062134112121072012063013014131094093044132101023024
081134124084072101111092104093053132094014033013114103062082064041032083021063011113123022122112121031051044012071102024034023091054043042052074061131073133
073111031051041132053123114082122091072024083121094064124034062061112054022032023011044092101063131074093081042102104103013021033043012133113071084014052134
031032114074083023073021042091104012062092071131011052063121034123093072043014101084103111132044061133081053113124102112082013094051064134033024022041054122
071044101061094132092081082023024073083122033063133113102031034053013111104042054021084112022041121093032062103043131124052114134074064011091051012072014123
032134061091124072103014013131012121133064054113044123083031051081041073062122043101114011132092112071082093111053074063102052094033023021104034042024084022
132043111072073113104032071122091084103034051052082114054014042022031021063011083041074064081061124092134053033044094131093133101023123024013121112062102012
134121084024061093101033133063073081071124091052051102034131132094072111113062041112023011032031064114044083013053123122103092021054012104074043014042022082
021071094014103031092114061013024113051112134054043133104044111082093081032083122012052091063073041072123042074033011101132062034131064121023124022053084102
012064082092022061084112103102032042053052072073033122083081114062014024054093031023111021044121134104091101013063113131011051132041034124123043074133071094
111064044061084024112093114034132131092023032134072103083042062094074091082051041011133123013053104081073122012101113033031021014124022054102043052071121063
062083043093121091081031124084104053133041033092051132034113061112064074122022072094101103131023013073111052021114054012024134082102071032063014011123042044
021101131063102061073064123122081121124112071132134111103072074093051062092113023043032024052084114031133091034104042014044082041033053083054011012094022013
131091063134103083034132093071104054113094111043012024092122053082133084013051011123112041102124031033042101021052044064121032072081114023022062074014061073
053062063121064131072124081032134132071123012082061094011013084122023083074052133021111014042051033101113103102041093031024044034054112104092091114043022073
012134014084101064093094113042032111072062011053052021092124073114091063043083023024133121034081022122041112033044102132071061131123031104013103074051082054
122104112072074111103114123093021091061052032092071062023053121082073081043131124022054101083024033113084041133051031064013044034102012014011134094132063042
061134052053074021073101131081054111094062044033113082123013064041024104114031012093032022083092132091071051112103014072042034084124011122133063023043121102
114011033042113071041104063133014134124082043021034044094013123102092103061083132023073084121072032112053091064131062052093074101122081054051031111012022024
033071034041061042064051063122072054074094032132062073013102114083082093053134103092044052124091101104113084131024112014121012123011133021043023111031081022
034064054082131061051063134022102072042123041132094021133013031071023084092083122081012032024044052113121093104073014033011114043053103074124101111112091062
111032112134051124061053042113081034083054043101102063052122071093133073131013084114094132014072062064033074021044031082103011024121023022104091092012123041
134064041074062132124104112031083131034044121113093011051133072084053023043101033042013032073091052054061102111103063014122021082094092012024114022081071123
092044101132054051033091071093052063034042113064124133131104121094023053073134024021043022062082011041031072084013111014032112102061123122012083114081074103
054102053073022103114124134083093081032131092062063012121024043091014133033071011051101094123052074031132072061111013084021034044082122064104112041113042023
111054072112131102044104042121083113052124093062031061053023071074013091132024123022134122114064133084014034012043032011063082033041094051021101073081092103
043032011102091114124104093064133103074054062121094031053051082061023101044033014021122112132022083131071041073111063081134072052092113084042034123024013012
012044091113011114074082101041102083054073064052072063051042043024033124133081053112103121032013134111084132094061093014131123071022104034122023031062092021
012124074092033102062053061044083122051121131113031032103024063041071082081052042021114054104014064091111013043123023133093022034132084072011073112101134094
103022051101074134123132014053064114113013032124122033102012084054062031034042063021044131104091011094072111112041083121043093081082073092133024023052071061
134073044123042041031094072032101132081071103022093113104062082102121021011061043064051131122054124053024092114023111034013012084133033074091112063083014052
134092014111073052133034093091112033121082072061074123012024103113023081041063031021042013083114062032101064054043131104053132094022044102051071011084124122
114022124083134102123042014111061133071081031074024121084053101131104062041052011021092054093034073094072113051122064044032112013091012033132043082103063023
014132134044062111114091092033082043103064024102121041071124093031063042133083011081113012054022104084073052094131122101072021051023074123061013032112034053
071082121134131011102023051041122054114133092013063053103081074112111094072033101064052083021093061022043104124084014032073012132031113091034062024044042123
102013092121133054091134101104111072064043042074093044124071084113023073082034123083032063021132062051131024112081103114022012061094122014011031053052033041
094112124063131061082022072103101044133033132013113122043011091084064073052083051123054121092042023032074031114062053111024134093041071014034081102104012021
034102112074103121072124131041094061011031104122021081073043064091044012101083022032123132042013133014093033134062114052023111071051063053113082092084054024
134104103073084062082013093122101094092011054053033063044081023051052021132042024061102071034091043072022112131111121114113041014124064123083012074032031133
031113121101133041051032011132091052072094062034084134104124083061131071092043074063111123022033021093014073064053114012112013122042082054023081024103044102
124101121064012041114042123084092051054081044113033062102022134133024023074083032122072014043061093111021132091112082052131103031073063094104053013011034071
062081034042061133073082131044053063092111031032103094124093071043064134112041121102101084083114122051023091021123104012011113052072022074132013014033054024
031071103062121092112052104064074132084053111073123094102134114083081063043014054021101113051032034023012072091011124041131022024082061033133122042044093013
081101124051094132102023043022133071083104073121012062114042041054091033093052024044021053014123061064112034032082134131113063122074031111072011103092084013
021122074032092132063023113072012084111062054033094131043091041013081052044104101133134102051031103011073114034121083124053112082014093061042022123071024064
054043073113033101083082122131023051052081121071094124133123041111024022102062112061092031032053034042044021104064091134013132114011072074093084063014103012
111072021044062011123084054051112131043101104091053082102093063122092024124032083103134034031033022041071132023121042081074012061114113052014133013064073094
061081023083074054052094122013111091022082132064113104051042124134073092133112031021114043011102044041024033062101012131032034123103053014071121063093084072
071054051101074061123021052073133121102022033082114063092011134111053031112091072013124043042113081041122012062094064131093024032044084023014104034083103132
094042041111131022093064031114104021052091053123013122083103133081023073134074112051072084061024011034113012071092044014033132101121102082124054043062063032
111071031042074061022104063053044082092062122023012033112051131011091073103052043133134072081094123114032083113102084034101064014054124041024132121093021013
114022123112084061124021043074104103092054081044013052053062032132113024072131073122082051031121023063093101041064012111094133042034102033071083011091134014
131101083031032064124072073092043133051104091121112044034013132094023074041082102021054093053033012103063042114052081022024111084011113134061071014122123062
062093104033124102101034052011061133113012111091071094023131042082063123051031121092053134112114074072043024081132084103041021022054073032083014064122013044
061083093031114133022112134064011094021074132084102052043082071121012081051131032113041044054073091063053014123024034111072033122062092103101104013023124042
103021132013073113074032034131053102124123014031081092071094044064133041054083061023082011121022112122101063033111134051052012042024062091093084104114043072
054072091063032121042112124131064022133033041102061053034062044123122132021113024114094071092052104011082031111073074081012013101103051043093083134014084023
122071084064054024093042081073061133074121124072094132051082053062014103052033043021083012113111044022114023011091104131112031063101102032013123034092041134
034134123103092131101091073011093081111063023102132104094041031072133122071033032013113112084124052021043012062083064061121082024114051053054044014074022042
103011113062072132114104063042051054123053102121031133034092084112131134071052082083124012013032093122043081091014111023021061022094033044073064101074024041
133101131043094022111032042121041084071092102081103122083124063104033073034024011031093112044013114052123064113091134062132014023082021012061074072051053054
024042124021133072061073093082084031134044111104091094102074023103083064101071041034112051012054033092063122123052043011114113053014062121131081132013032022
044073063103011024062054081132083113091092051043114061101104074112064102111021093131023033053052014071031134082133042032022124012034013123072122121041094084
041021124133123094114011083061131134054062113023064052102073104081024033084014032082044031051103072071101063093121013022132111053091074092112122012034043042
081052064102103051094071074111121062073132092013134031091131133093023011042024061124053043014041113084112044022021114082072122033083104012063101034054123032
033073124052114093031103024041112032091104082131061063134064113133034042043022101123054081092013132021053072011094122084062111121083074044071014102023051012
093082071043053131112042054062091103083132014033063064092023021013113114111101022123041031102061104051121073024052081134011034124012072133044074122032094084
023072044132104113042134031112063013032041052054053022114131034011091073102103062111021014071084074064082121043012094081092093083123101061124051033024133122
082073081094092083102062012101093052123041053103091131084133024114132022134043063023054071104033044111122121032013031072034051112042074113061064014011124021
011082084061021034052043064042074071051024101081124022123023122131041132044073053031062093133111033114134092104014103121091054113063012072083102032094112013
011093124091112063123071081022084134083064033073082061024074044101032054111042121072052023133102031014043131012051013103092114132041094113062053034122104021
061053112043074042082114111133054122132031124092013104064034093084023071062044134024072051131012063123052041081101121102022094113014021083011103091033073032
094041011074022082032092131113061091121062084111031073034044093053033122133102081132012072071101023051043104021134103013083042014124024064112063123054052114
061122124123072134092104052064042121101034022132062133021043033113032102082131073083081074111013091041103071044114112014024023054011051084094063031093053012
083051074061053123064021133131094101113071102093073121032063043082134132103033031084114054081022091042072034023112062124111044104092014052122041012011013024
033071013072091121041093052082014112102062094123131074122133031104134124073021081101011022051084054064083053044103024063092012034132114113032023111042061043
023042132053112054133014071093073031052044064111072084102131092061012011041121114021043124103033134122034082022101013051094024083081113063062074123104032091
051034113104101103091122024062041082061134042084044092022094073111031131112123033063121023052053013081114054064032132093011083014021043074071012124133072102
094061113064051073104012034091122063071093041092054123111083131074031114053013044022043112023082032072121084132021102062103101033133014052081042011134124024
051071121122053113011102054064042114031072104134132112073024044023101092062082094084041111093081074091133063012033014083131123022032013043034021103124061052
104083081061122053052093103073042134111101044041054031131033064121014133113082092011023091123024022051132094102084032021114012074063013124043062034072112071
022111121114061072013092034082122093101021132052062071053024091131023112054084011134041031032113083123074033081124042014012104044064063102133094073043051103
021084042132051024071131012101121112041022054104034113102013032062083091044094134122124064093052072111092114082081063014123043053033011061103133023074031073
101122074082121051072084021041083124094103102043112063133022131064054132053042012032113011123024073092071013031111062114052061081034033093104134044014091023
044052093072102103062054053101091081082124132071134094023114073031131111133051011014122013074042012113024112121092033061034083022043123032084063021041064104
111054011134034133071051064041104121094083092124093082031023084113013073024074123021033012112114014103043091032131044022042102063101072062122052061053081132
111132081114054043103133113074082064052051102094033062032123131134091084112063034021093044053073042012104101022041124061031121083024071072014122023013011092
111104114024121053133124042122073044052031123084041033082022081134023043131083112021054103102032092064101013034011063113094093132072012074071062061051091014
123114093073041032091054044051022052081063101132082112074042124094113072122033034061133104043023134011012131053014111103062121031092084021083071102024064013
012072111063122084113062052074131103064054044053104114081101023083132043133042011073123082014032021092024121091102022134033093061034013094112051041071124031
031071074064094114121111092013051103112014083062091104053102022063073113101032082122034021052072043024023061123054134131041012093033081011044133042124084132
041042113024071103111131074093031061084062123011014072012132063101064073092114033021091082083112023121032022052081122054013134104053124044133102094034051043
061012131104093054083031103071084033013014082102052132111063074091134021081011064022113072124051101122121112073062114032034123092133094041053044042023024043
124131022072092061122121082132044043103071064133041074052012024032111031033062021011101093023063114073134084091123051102112034014054053081013042083104094113
131053042072132092102071094134081063101074034133054083044061123114064021032052093031082012011121112024091073124013122111033043104062041023022014051113084103
064054084133041131072022053081121124061111091062082092113132043134044021112083011031033012093123023013122114104063103042052073102051101014074034032071094024
132043063012124104081102093022053071112024091134032111051013123103064062133072094021073101054061074122082033092011031052131041114121023084113014034044083042
034022104094073072103132074091083134054013023041032114063084064123112033101082061051031121081062113011071102131014111044053122133024043092052093042021124012
071031064074083054102024111093124063042103022052104114061013041051012113033131133073121082094134092112091101084132122034011081044072021023053043062123032014
031051061094131104101044103014032082092043023022052112122024041121034123063083081072073074084062102012042054133091124114111071053013132021033011113093064134
081113063034122124134121091071111131132104082123062072102041054043101103093044051021014024053074114094064023083073022133033084032031042052092112011061013012
012113073124103033084102064123074043133081034061053091121044112051071022041062031054021093131134104114072082032094024013011014101083111092132042063122052023
103054114022082073071032104021122101094123092121064081014013043052113061134011072034093062044132131053063024083074031051012112033111084042102023133041124091
014041034081093104052074131094073114022053061122062021083091012084023064054121123101133113011013031063092044042112102103071043124134132051032072033024082111
083022044032061113074023024051132131041102093123103052084034114091081042073031124021082101011043053111014063112121033013092134122054071133062094104012064072
101104081061052064042114113023013073051083034103111123074072033121043071084134124021041094024011022012031053102044131014092062112063054093122132082032133091
122043091051131082072132063092084113041062034033114104134124101102094123133064061031074111032103042093081071014012052121023024013053022044083054011073021112
103124091074063112052033013073101041093054102121061072024081053133044051131083062092123132111011064032114122014042134043034104021084012113082023094031071022
053123134074131082101114052104033132081071121124042133102054024022084111122083023041092032062043113091112093072073013051094064011103034061031014063012044021
103091074051113052082114024094061023093013032042081031054134041083092073033124111021123121022071062133034064132122084104072112011053043012044101131014063102
073064113082102123024104111042062032022114031043121094033044101052041084133083011053112131021072092091122034054071132013051081103074093014023012134063124061
103031101042114072053124121081093123024052041051134074132111062104083092084023122034102011064013073094044082061091112043131063071032033113014012022133021054
081134041042114074054014072122113101063111024102034133084062032082092013064132044012091053022023061093121094123112031131104103033052011083071043021073051124
041134123032092111043061044132013101103062024054023073084131083124133094074093104034051072011012114031063113071121082022014091064053112033102081021052122042
104114083124123064084033012052063023113024112072122134044093041053133031132022034042092131121073081043082014032101051021071103062074061111094011013091054102
044022101083021061063124131052103094112121014082133111114132054081042051093041012011062092123043071013034122033113074073031064134072104024084023053091032102
102043113123071073093072051121091034134062081092024083032084014104023042112054133082012061052031021074013044122063131132111124101041064033011103022053094114
122042084011053101032114093022073013054062102123113133034121082112104074024023012071081014043134124072052041094103092021091083031131044111051132063033064061
062012091083013031102011104113123094054052024134132063133053111122051064071032072081114103092082093044124061023074121073084131014034042033041022101112021043
074051044121063111093081124061122052024032041132033071102031112104034133131084103021042083094134082022043092113013011101091114053062064123073014012023072054
051091074082123111041104022103062061053093092063071042084124094101064131054121072032033021133044102052113134081012023112014043083122073034013031011132114024
134064082104091112024021132062072092102043071074131103124011063022042073013101023093054041051061111081034094113114032121033122012084031053123052014044083133
131071042124121113053094103043072054084101122123031064102051061024114074041091073021081011022111063134104062092023093112082083032132033044052133014034012013
064041024093072133102071114051081131033074052134082061073101042121043122022132023021083092104094054014013034032031112084011012044123091124103063062111053113
123101103104043062021033032094111072093041132114071034133052053014012073092113011121031082013063102083091112022134131051024122042084064061124074023044081054
052042083094103054053011072044081073091074134114061043082112084032121101093033014022123041013124012102092023132133031051113062104111131024034063021071122064
132041124102044053033032101054133052081062131073064123021134104074023063031083103112092082084122071051094012072091114014011022113024111093042043121013034061
033073041093074102042103034112011081013061113122051014092132044053071032012023022021121111094104064131043052084082054134031133024062101063114083123072091124
064071041043101062124031051082102083094063052022074113023042053011073081134091131044093104013112033111024054072012084092121034103014122114123032132021061133
134041104084051074022033072092063023044043012093081073082052013034061113133083011021031054062014131114132122124102101123112053121094024103064042091071032111
133103122111032131064073102074134094041132104052072083084124114062022081051101071021053123042044121023024043092033054091034082093012013014063031011061112113
091121083022063071134094131103093111104133114031051081023061062082054032092084011064041132044112101113012042034122024014073123033052021074124053013043102072
014071063074111114064112044091123084053062061022094124051033104072023073133081011021103054092132122031102131082032093083041052134121013113042012034043024101
024042134123043124113063052102122101062132114053091111121023104081033112044051034084071011131092133012072014103032082094083041022054061074064031013021073093
124083092033111063051093042074043061041114082024113094102054122133132104123012011103101034112021022064014032121131072134023053052013044081084031071073091062
053073111132062121034103081113083044024093101074082052102092131021054114123112042022104013014091071023094133064061072063032012033031122124084134041051011043
091061034051032123064074094043053092103013093134071111022054112021012133011102062122042014132072131113084124101023073082031114024041121033052081104083063044
012013111063081112124024021092093101051082094104134072023131103061042122084083053091071062044123052043064054114113073074032034121014041132031011102033022133
084033064082044074124023114054053062051031121111094042032101024123011113112034073021122103012134071131022041092013102072132083014133063091043081104061052093
012022063111102072064032024104054053092034122121033043103134113061044041091031101051084014114074082042081011021073062052093083112132124133123094013131071023
034111133072112083081013063113123093022114032053073042103012094052033131084043122021031092041134121082071061124091064051024011054104062014102023132044074101
031014084022062093074133041023082101131103112061054123092042122053113102063013011083033111043012051032121072021034104073071134044094052024064091081124132114
042104031123054044113084013134111012103072024011101132102043021091081073063083074052121093051034014122071062112064053023032131041082114061133092094022124033
062124042063073041053024102103051132091122034131123084052013104081121133101012054111072093092071021032134043022014083011114082044113094064061033023031112074
074063071113052121124084133131091061083101134104093033092114081044031032034062012041132112022042024122072064053054073023014011043082094123103102111013021051
131113023092132084033032042074112043012041073134014053093044103063054123094081024021061071114051124122102101064104013111083022091062121072052133031034011082
022082121083092122013084072101104054091094081133021062051023123093131043134052061014103112033042024053011012044071114032063132074031064034113111073102041124
032103014122091082101023033132134063113062121123081064102083072073011024012044074054071131041084051094022114111092043031021042034124093053133112061104013052
021043024091101084123063053012102134042052122121103083071061081104023073074054092094082124033072093114034133064062132011113032031112041013051111044131022014
133084103042101094051134064091092053012071113111044022033063131024132074073041104021072052011102082032122014121124023061034093081013112043083114062123031054
011123112022134072042032093064034043021071102031053132052131014054074084133082103122104051092013063101024114012062033094073083044061081041124111023113091121
041094022072071091093034042113082074063084123132134053081101104051124024121031103021083102064052114023112062092111122133033013073054012043032011014061044131
123041051102042092113032062034061014104112044033074081134053021052023124131083024114072064121013111132122133101054093073094031071012082103063022011084043091
072033092094061064103043074132071131112054051114044101062063111124113073083031084011022102104133013091012023053032082052121122034024021081093041123042014134
044022124091131024072033052134113031062132123084094064083054122053012133051063041121103082093081074073101014111011114061112104092034023102043032042071013021
131041021101044121104031042083051022081014043062082112024071124052011033072061123092093134073132102074064054091111113023032013103053114094133034084012122063
011014033071012043101104134114074064053123022034041113032124052094133031023042102021063073044062013082112081103051131132024072054091093122084092111121061083
064034081014092061082032102093073114053122094041134071013101131084042021023044011133051132063031112072091123083074022024052121113043111103033124054104062012
084091104064103113101082052122042121092081111134053041031093034114023054051083102014124132012131071024133013074073011044021112033123061043062094072063022032
054104134114102132094124073112133061122101092044111074023014113131051011082012062042071064033121072041052083043091123063034103093081024053022013021084032031
064082094123062044114074111084134103091063092113071132033054024121042112133043041031021011051083093131053122073104032034023014072022102101081012013052124061
031081092102133051101033012011074111124131113132041072044014034091023032022083064021104063082043094122093084114054062103024042073134123071053061121013112052
073053033024063084072112102052111042083043023131064094114014074054121123093051113034012124103132091031081082122032022134104092062071101061021013044011133041
051084112074093122101123134102133131121034054032111092091013033083082062061081024021031063103073043053044052132113072012094041022042114023071104124011014064
074071084062023102042113053131073091122044092061112124054034011133103031134022083041032082064121072021024012043114101132093052111104123033014063081094013051
024041064112084052081074083012123131102071113032091103061114072014031092133134011022062054051082042013063044124122034023121104033101043073021053132111094093
034072133062054111134032092024071121091093113063013042102044053103052073064043132021083082084124014114022012023031112051011104081074041131033101061123094122
124112104092041084134043024021122121053102132061051103042032133044123083012072073031052064094062011081131074071013101111033014023054113114063091022034093082
082022081051071103073013083031122133121132113091093033102042084041011062053032054021104112123074023014094092044111061114024072052131134043063064034124101012
134093033132104043103063081113124112062094121091052114024011092131042082101083072053041054102073071051023123034133031021074061044014022122013064032012084111
043054122061121092062124132091072081082111104053114023041034112101094074073052042044102133022084134071012123103014011032031021113063064093033051024083131013
064112043092061071022091031114053104051062131023113111123093073082014041024094033052134132012081011101122103042102083084032013021133072063074034121044054124
064053104062052122094043124091083113132073054041071114034063051103042134101072011023081061133082033121123044111032014093102112022024092013084074021131012031
043123071084082124102032051112114113134104103041122054012091121061064093052042101033073132024072092062053013031063011133074021083111044034023094081014022131
103122031053091052104093033043062114082011013074021123034072022084073061124094101063102054014042081012111044083132051041134023133032131071092112024113121064
073022101074091071123053063012093072131032132061042094121024023062033064133051011021044081013084134052111103043104122092014034124083054102113031041114082112
092134074103111094122093063132121024083033124044114071034053131084062043012061013021041064011014052072123022051113054112102031133091042081082101104073032023
132053034092074061071114103031123083072081063082062012121101041111023134133024022021094104051042054124073113033052102091084093131032064014043011044013122112
053022024112092131093082103121102123072062094091084101052114064083081124041012021011104074032122134054132133051063014043044111023113033013071034073061042031
081132074012011082131014134112031111042052114072033102051084054041103053092083022023063101013123061124121094071064034122032113062043021024093104091133044073
072081051083111113112044054062124121101053103132093071102104052133043011042131032092122134021022063034074041061023091012024013014094064082114084031123073033
082103043074012114123094084052102121083062051031131063033101112091023073132133013022044122034041081064104092093053134042032111061054072124014071021024011113
074024021061122131104013071053114081103042121043082041102134064113133123044094101034054124014072051031032033023073132093091092022111084112062063011083012052
133083122094032073063071044042064014114123051053124132034101043052023061104041092021022113093011031131024074111072033121013054103012091081102134084082112062
133121043082051061112012054081073053103041031033062044102092084074023114131072024021122093011123111034063091124094014042052083022132064032013104113134101071
112133032031044063084014054052022124104033103123094113034042132093073064083051134082114111053072021013043061122011102023041121074091024131071081092062101012
121023011033132054062114104024043053084051082044101052111134113133131083034074122021061032124072081022012112042041071013073092123093103091031094063064102014
041064134053083082091114103094073043081032111051061131031104093062054101092102042133123074011022014124021113112034023071132044072084024063033013012121052122
014112022062084064101054122073131124134033053102044103091094133042072111041081013113051071023034032061093031043092052132123121083024063011114104074012082021
112022084113024103131053122043134104033094133132082072013114101061054123091083062074031102042093021111051052034081044012064023063121071041014011073124032092
063013081093134072073033051101121061052124114104053022131023042132012083092111043024112032064123071091133074122021084011062094014082113034054044041031102103
134112104092042132084022071124074023094053081113072082034024014043073064041121032133111093083103011123051102122131012091052033031101054013044061063021062114
123131064093071022023074114051104091014103084113102061043121031042122111073082063021132012094024053112032052033034081054044101092124041062133083134013072011
042131081132101124092053034073051122113023043074062064094084112134114121133091011021082102093052012104072123041054111022014033044061013032103063024071031083
124042064041054101081032114112122063071062043011083113102013123092074073131091094093044014051053052061031034121072103134012132082033133024022111104021084023
084122101103052134083072093032113051041044102124133063031091034131082033104071013073094132112114042111043092062011022064081061021123012053074014121023024054
122012081134021123094033093061043041113044121103052092034101104031102042032074011084062013083082054064111133071124051072131091022014063112114024073132023053
062051103041063031064072101071102133091012032131052083124094024033132104134092011113022082123111053081121023042114122034043074054073021084044013061093112014
071022101132061031053051063064104103033094111121114024054091123041023102072014044032011081074092021043113133112122083082042012124013034062134073084052093131
111033062054073061011042101103121123072053074132012043093131044031014102133021112041052134082024081022083094104013114032064034113071023124063092051091122084
062121033113122114073052022064123133061071084032092131013094112102091041101042083021093081124134082044111074023054043063132031012072024051011104014103053034
024033081091082031064092041101132093051044114123073111053063084083104062113052011072022021034014023061043042122121071102103112032054013134012094124074131133
124122072093082113121061101094134133111081051123062102063044114022032073092053011021052074013104012103031132084064024043112033023091083071131034014042041054
034083124084073134043114071091122133023132111101123113121093131042081074031054011022052012112104082102072062041053103013024032021063044051014094092033061064
122104061113092112073042033132054041101102051064071084074083081053072131052091134021124044111133032094043062093121082014024123103022023031034011013114012063
022093094044134073114032082102063071123074084034054083053124033132081131133012031021052104111043014024103061042112013023011072121113092062101041051064091122
124042053103122061101044063082062074134104092052131112114121013091014024043094021041132073133031022064111071051083072034113084012102011093123023054081033032
012082072131044101071032114134092093033094102042051081024013091054023073133123011021132041052014022124031104064061034122084121074062083113063053111112043103
064063101112081073103051133054082044134131062053022014102132021072124104094083034024093032031092121111061122023091042084113114033071123074052041043012013011
031074053081084102022024032123042094114132092051133061064044033043121013054073122062041021034101014071124103111072012091112104113134093131052082011023063083
091013041073053133101023031033081092112132114102034121084071074111093094082052063054062051104113061012083022131124122014021123011032044103134043042064072024
041073042062112052121051031101094102113032092132104124123082053093054114021023134011064022024012122034091072071131013043033133084063074044081061083014103111
071042093052034091064032043124122022084054044083102074023072111073063103113081132062123131011121061021133013082112024014092053041033104094051101134114031012
031123114021134083051053132052064103091101131133043071022074072082104102121124063034061044084042122073041111094093012014054112013011092062032081113023024033
053021023121033051094071081073114103061012043093123083092112032074091052064111113131022104031101082122063133084134044042072024014132102041011124034013062054
103012123033093132072062082032104091081133122113061121134131071084042044013083114094022101053112063064031021011041092102043111051052023073054014074024124034
132122034101053094033051052054071131083043114112082064104084042092072044133013134021062063032041074022073124123091011061024081121012023111113031103102093014
053122044043012112101054103052092011084104033013083132022064102063023041071133091061134123113034131114111072024031042032093074124051082094021073014121081062
014084073101064082052032031053112091103113081131094122104134074124034102062083033021114093092051061111123044011072121022132043013024063012071054023041042133
092073133021094113101064074131061082114063043132103072062044093031034104042083032102134122084121111053091071112054023013033124011123052051041012081024022014
072111131042011061103084094113043112073062033114013122022134074034053091133052031044123081041093064012101124051121132014024083102092063104071023082054021032
034061133111081071063084042052122123092031131021064104102112083073014074134132041062054082053032023091013024043113121072124012094022051011093101044103033114
063013054112123071114101024121082052103132084033064093134122021094131042011051061102044023034133113111062104053092041043031083032012073124072014081074022091
033044073083082011124032074104114094061132023111051123012103063053072043052122134054113112021024102062092101133041013081042031084093091131022064071121034014
031024061034014023013032101072052112074071092043054081064131042114134104073132123122033082094121113084091102133022083111051053063103012044124041062021093011
023061072093132124133064121014042103091063123062112053082071022032052024011073101113122104114012044083134074013131033092041031111054021034051081094043102084
024081134131101051071054073103064041114021062132072063104044093091092042133043053032111123083122082052033074102113031012022112094023084011061124014121013034
132103011064112073093061074033044034121012092071084053102041133094022043134131113021031111024051101114091062013123042104032082023122124052054072014083063081
093101094064092071073114031113051112132034053084032111134013054123074082104103133021121024052012072091023083043022061042122081124062011014102033041044131063
022081051112084133062054094082073131104021111092114093074122014064061132103091041134113033032063071083072011052101042024053012044013034124121031043123102023
103074083134084132093102124024112073121072011104033111061064114113023042123122133094063034031101052082043054062021053013092014131051091012041044022071081032
072021134033023123051011122114043131063054044121111012101102022081103074013061062113071064052092073083082041091034104053112014094093133024042032084124031132
054031093134064053094014101063083103114062084044061081071034041032023082132131024033092074012072122022042102112011113052021133123013124111043073051104091121
062044132082064113072133032063111084093071023091074094033024103043104031134034131121114122014042124123061101022102011041083081021054052053013012051073092112
073034123071013133122074051021131033052062124014083031032121094042012084111081011113043022023072041053134061044112024102093064082091054101092104103114063132
123084104133062103051013021114074112124122101063082113034131071121031083072073102093091042023022032134052054024043064053011044092132014094041111081061012033
062082014113043094121011031073072053102084093071104081091131132061023083103034041092024101051042054114134111074123021052032012044124064122063112022033013133
044093112113101121022032052082053091133063084132054081023034103123014114041071011042124134104102062064013021024131074111033122083043061012031051094092073072
101111094053113114042133122063132061102022024014062031104013082084121072083112052023134123051074131124103092021041073054044071093081091043032011012034064033
134094044063114131073083034113122024032091031043081133111124062012023041051022021112061011084102013074092052071014132103064053042101072104082123093054121033
082033112043073092113084063021103083053023123081091124014041074093134094052133011132102104042071121044031101013024032062034061012131111064022072054051122114
121032092074134053131124031062104082133103084111064073102093114012021024052083013112132054041071011042051122014113123023034094063061033081044043091101072022
024124122074084034051031104121054134071101132061062123113111112052044114072063042021082093053083032023131064094102011013081043033133022073103012041091014092
112053092033134082103014052064061111072074132021133124114083122094084131071031063062102022024023093113091041013123104044073042101012034121051032081043054011
072042033071093073111064051041114061032132054023024084102013044121012043131134124021022123063091104133052103011074113112083034094062092122014031053082101081
022121091133111052041024104134101124112114132033084051072063074043023071123073053021122062081103012102011013092082113032054044042094064014083061031093034131
021103123084104124093101122044131063114053062061134112132091043102031042133083052094054111071022064092013041121113074014051034033024023081012073082032072011
032121101091083102122063111044034073052062072132112134024022093033103053124051092021061114023131081094123133082064014104011042113074031084043012013071054041
072132073042104013043102094062064052133124121032093084033012083122071082123081011041114024091014103054111061051113023021131053092074022134112063034031044101
102052113134111073081091123132122031101093064103131032062121063053034051013061074021023082094092104014042041124024114083011112084054043033133072022044012071
084073032033092053101023134102114072103022132062093081122051021104082014041052131071083061112074094024034012054111064113123011043091133031042124121044013063
133134091093014061052081063033083044021073092094102122012104024132123101032062011031082112042113103051034053111043131124041071072054064084074022121013114023
034093104091082094083102041014134132054024123043031051092064032042133072103021122113052071053062013084063111081124011044061023114112033012121022073101074131
112014071053102043113073114054094012022064083082132134081104101072023051133131041021062111123033034042011074092044024121122084093091061052031063124103013032
131103081031082123132112061054062092121032133064071101042013091111014074113083041021124134084051063052102073022033114011024093094072044122023034053043012104
014034071012102123082051101044091063103121024094134124013031061062104132043131072092111074093114084011042041052081122073133022083033064112054113053021032023
114084024094093134081112052111083023042072132071022041091101031113073021062011061104122133051131123012124092053063074102043064054082034033032014013103044121
031033114111094091103032131112101124084024082092122081044093104041083064133102011123134073042021063023074012121054052072051061034013071014132062043022113053
061121103053091021072064063104071041093062081043123134102133132052042114082044111113131092024073112034033013032084023031074094122012101083011124051014022054
052112042093031104092084073124054071013123122082121083114134051113022023072103074044063014012062061064053034032101081011091021043132041033133094024111102131
041021094061032082093051081033034052104084112133091042132063062102043064054083053101114074134031011013044131123072124014122073071092012022023103024113121111
132071131134104072024061073043103083112014034113133102052011063084023121042032074064091114051013124081122033021092012062111123044093022053054041094031101082
063074011024042072061071023134104022132062113133124043032053044051122084114083031021081013082033034054092014112111052102091012123064093094073131101103121041
083093103023011012124091052122104064043074044034032051014024013131022092081033082113111062094102114121134123031132063041053054021112042133061071073084072101
072111063134083022071074082133112091122073032121042061024094092052023101051131104021054124012034041123113011062044013081053064103102043031132014084033093114
032083022033114124131082093112042043012024063081074103102011064113052073132053061084094034091041072101122044054123031014062092051134071104133111121021013023
091061121113054073104051131083134071053023112124043012074041103034042062044093033014133102072094064084011111031123032052063021092081132122114101022013082024
033092063084112102091113123022012083042043082132014071073032111034044094072031011093124051081061021101013024053121074104114133041062064054122103023131052134
114051132133021072084031074061032121071094024101041062054131052103134092112053123102034113033083111014043124082042023013012122063011064022073044091093104081
113041132094104051031081012063062042074044134064011022131133114034023084121091043122082124071061054033013032052021073111024014072083102092112123101053093103
101022072034042041051014031124024133083081131071104053054074062063064013011132084033082134112032094092093103123102073114091061121043021012111113122023044052
123103133081011044033084104032031043054102093131064072052082024112061101034083132041021091113013022122094014071073012023134062051114092074063121111124053042
124113041054091114073093074033121071061022051083131053132034092122064102072123024134062101013044021133012103011094043111082084112031014063042032052104023081
131042082072092111123043134053063061091062021034064103052013132094023024112101073121114124093011122014081071133044022102113012074083104084033041051032031054
052041102014103094063034073064123083114062032044054072101132133092122091124121031021134074112022033131053084043111093081104071013082023024051042061011113012
104063132031131123064032101082134052023051022122094081061124021091084073054043033092102093114013014083044034053112113072011041103062111074121042012071133024
021082104044133053121081064093072132061063024122113073103062123041043011131124033102071031042074083013084052092054091023012032014134101022111114112094051034
043031044071052054072032101042063084064033041081023092111133094061082132124083034062053113074104112134091073122121102024021131051103093014012013123022114011
034134092133083113102082063041074132104094112073111061022044021051033081064031014123091012114121124062011054052101032131122053103042024084043013023072093071
061034101072084104054071073134122112103133053091074081041042064092011094043132013082111093014114121051083102062033113022024012044023031032124052021131123063
012084064074092063071113042133121111083062014061093132054013011051114124094023052043104101112072103053033024102122131034134123044081041032073031082091022021
011072064043124132052033123094084112031062122082073133102013101022034121063083091021041081032074134054092113023071053024044104051103114061012131093014042111
131132101092053124064104051111063084133114091073121011103112033032061072134021034083054102014031042062082041052113071043122024044022094123081074093013012023
083101074042051053023044094064082112072073114134012132062131111063034022103033011021031091014121041052092043081102122013104093133071032061113084054124024123
012033101093041042123132073134114053052043103121131112102032081084023122111074091021054083062133011024113031044034063092014124071061013072022104051064094082
062103121052111131064132053082054063091133092134072041074033104093023014034123031021073011051012124113114081071122084044013024043061112042022094102083101032
064062073074034093094104063133013091121132082024113051101092083122033071031041131134084012052053044072102021023042011114043111061103032123112081054022014124
121031074091102123114051013061124073134094093111113084053034133082052131101064012072081011041132042014032021122063022044104071103092062112023024033043083054
033043102061054082092024074104114062084124081131042053094113052123134023133121011071091031073021064044014012111072132051103101013034032041112022083122093063
101013062124102114053073041063112123071024061133113094022093111051084033054023104083082134092081012121044064034122072052014032131043091132103042031074021011
053101072092031114021022112083042051073024091043123044054082111014013121132062113041061094032033124052134122133071084011131012034081074023093102104064063103
024043032063122093051101114131094071083054074082112031132053081061023062103064042052021134041014133084033111102104072034091124011113123022012092073121044013
124102091073133063054101024132113103114013052064042032062121081084034134053071011041031021022104043061131123012093112014044083074023033122082094111092072051
071014123031103054084033034124111133092091102062073094104012072064063011023083043021041093053022061051052121114134082024132101044074122112081113032042131013
081091112134084121102024124033104103014043101111051064072021041032023011094083052022042031132071114113013122063053131073092034054093062123133012061044074082
032131124012043104034081053103042111122114084044113101024021132061023022051082031083073041064092071052014011072063133121033112062094134013102054074091093123
122072131133132124083053123074134084062014113071044121021041051112081093033073111042101094043011061024063023031092104064013082114103022034052032054091102012
134051124122104121082053032091043133112063083023074103071013084102054073132024101021114044033094061062052081092131012113014022111031072064123042034093041011
104061072063083103081024121023033111092131042054051073044101043074053091102041071124082052133062064112134094113122031093123021022014032114034132084012011013
081101031052053072114044131064094103124132112073083134102012133014023063104051071091074033061041084123022011032054024062042122043121082021111034092093013113
041062111124074131091051073042044054084094014134032022102121082133023132063093072033123024052012081043021114101092013011113061112034064103104053071122031083
053123112104121074124084113094064132063131011093082072051042081032024054091071092021044102073133111062033061041052103122023114013014083022101134034043031012
133032022074091063031094052131043112092044054012101111134132072124041073114083023021081123122034082102064113121011103104024084061014013093053033071051042062
112132084121094041072031092104093091042134063113133122124082103054074111024083044013021051014131034011071043073064081062012052023114123061053032102022101033
053081131012102024111082063014074042091041114133022122062023093101132061031092052071083034123032103084104054044011112124021043051033134013094113073064121072
083122133123102051033121034071101092084012081093131031073044082052021022124014023061111113062091134104094064011053072132013024063112032074114041043103042054
033073113063122104092032062124132074044043133031064094102091053052093103134121034021054081083041051011012042084131061082022114111071024023072014101112013123
024061133084041101111021031072043092112034091121033103134114074081012032051064094052014113062131044071104102073042011082124132123063022023054093053083013122
023032051024083064124072071104132112103113054133074094123084053063134131052061091111122044012114042101073033014093031011121034092102041043081022021082062013
113074124044133021042071041094123053061064111131134034023033051031054024103112121114032082014052093104122011083063073022062072132013101102092084043081091012
093054123014052103043114101092062041051131121053134111091082073094132084072044021011061023071074034042013063012113081024033133112122104032031102124022064083
112133102064082063123053124052111043091081051114131013113122103132084042074024041033071093104134054062121044073092022083031014021101012094023032011034072061
064062082132131091043134063051103114034093113133021071081094112014023041123111052092011061012024054073042121074031072122053033044032102083013101124022104084
132134083013034112093084113024062103104041094064081082063031114044023073042053022061122043012052071051092124014091111121072074102133054131021033101011123032
084053051101124062081061021083113093071012041103054094074024134123033044131133102032064114104111042092034011013121043052132023022112082122091073072014031063
